# SELF-GENERATED REGRESSION DATA — NOT INDEPENDENTLY VALIDATED
# Quantity: INl
GridIdx; PavlDbm; HarmonicK; FreqHz; NodeIdx; NodeName; Re; Im
0; -50; 0; 0; 0; n_gate; -0.06099999878; 0
0; -50; 1; 2000000000; 0; n_gate; 1.885618083E-05; 2.070656743E-17
0; -50; 2; 4000000000; 0; n_gate; 0; -0
0; -50; 3; 6000000000; 0; n_gate; 4.788254745E-19; -3.516113706E-19
0; -50; 4; 8000000000; 0; n_gate; 0; -0
0; -50; 0; 0; 1; n_drain; 0.04911305043; 0
0; -50; 1; 2000000000; 1; n_drain; 5.887178815E-05; 1.675341215E-11
0; -50; 2; 4000000000; 1; n_drain; 1.681243545E-08; 3.517058149E-13
0; -50; 3; 6000000000; 1; n_drain; 2.842098242E-12; 3.72052445E-14
0; -50; 4; 8000000000; 1; n_drain; -6.938893904E-18; -0
0; -20; 0; 0; 0; n_gate; -0.06099999878; 0
0; -20; 1; 2000000000; 0; n_gate; 0.000596284794; 6.328488081E-16
0; -20; 2; 4000000000; 0; n_gate; 0; -0
0; -20; 3; 6000000000; 0; n_gate; 7.611569041E-19; 2.042333981E-18
0; -20; 4; 8000000000; 0; n_gate; 0; -0
0; -20; 0; 0; 1; n_drain; 0.04912984765; 0
0; -20; 1; 2000000000; 1; n_drain; 0.001861963427; 9.649399335E-18
0; -20; 2; 4000000000; 1; n_drain; 1.681445188E-05; -1.226503708E-18
0; -20; 3; 6000000000; 1; n_drain; 9.043600756E-08; 7.574823741E-19
0; -20; 4; 8000000000; 1; n_drain; 2.590105942E-10; -0
0; -19; 0; 0; 0; n_gate; -0.06099999878; 0
0; -19; 1; 2000000000; 0; n_gate; 0.0006690425429; 7.087429602E-16
0; -19; 2; 4000000000; 0; n_gate; 0; -0
0; -19; 3; 6000000000; 0; n_gate; 2.782939092E-19; 2.771458602E-19
0; -19; 4; 8000000000; 0; n_gate; 0; -0
0; -19; 0; 0; 1; n_drain; 0.04913420148; 0
0; -19; 1; 2000000000; 1; n_drain; 0.002089236175; 9.107298249E-18
0; -19; 2; 4000000000; 1; n_drain; 2.116847677E-05; -1.734723476E-18
0; -19; 3; 6000000000; 1; n_drain; 1.277437114E-07; -2.706594521E-18
0; -19; 4; 8000000000; 1; n_drain; 4.104739292E-10; -0
0; -18; 0; 0; 0; n_gate; -0.06099999878; 0
0; -18; 1; 2000000000; 0; n_gate; 0.0007506780798; 7.962380755E-16
0; -18; 2; 4000000000; 0; n_gate; 0; -0
0; -18; 3; 6000000000; 0; n_gate; 5.9343084E-19; -1.036103934E-18
0; -18; 4; 8000000000; 0; n_gate; 0; -0
0; -18; 0; 0; 1; n_drain; 0.04913968279; 0
0; -18; 1; 2000000000; 1; n_drain; 0.002344272928; 8.890457814E-18
0; -18; 2; 4000000000; 1; n_drain; 2.665006973E-05; -1.226503708E-18
0; -18; 3; 6000000000; 1; n_drain; 1.804418928E-07; -1.776797191E-18
0; -18; 4; 8000000000; 1; n_drain; 6.50543161E-10; -0
0; -17; 0; 0; 0; n_gate; -0.06099999878; 0
0; -17; 1; 2000000000; 0; n_gate; 0.0008422746588; 8.944125822E-16
0; -17; 2; 4000000000; 0; n_gate; 0; -0
0; -17; 3; 6000000000; 0; n_gate; -5.489941186E-19; -1.314670794E-18
0; -17; 4; 8000000000; 0; n_gate; 0; -0
0; -17; 0; 0; 1; n_drain; 0.04914658357; 0
0; -17; 1; 2000000000; 1; n_drain; 0.002630474819; 2.310239673E-14
0; -17; 2; 4000000000; 1; n_drain; 3.355129997E-05; 1.76708996E-14
0; -17; 3; 6000000000; 1; n_drain; 2.548794002E-07; -9.56474227E-15
0; -17; 4; 8000000000; 1; n_drain; 1.030996757E-09; -2.499042639E-14
0; -16; 0; 0; 0; n_gate; -0.06099999878; 0
0; -16; 1; 2000000000; 0; n_gate; 0.0009450477107; 1.001640177E-15
0; -16; 2; 4000000000; 0; n_gate; 0; -0
0; -16; 3; 6000000000; 0; n_gate; -1.089630686E-18; -4.108361181E-19
0; -16; 4; 8000000000; 0; n_gate; 0; -0
0; -16; 0; 0; 1; n_drain; 0.04915527152; 0
0; -16; 1; 2000000000; 1; n_drain; 0.002951663526; -5.204170428E-17
0; -16; 2; 4000000000; 1; n_drain; 4.223993111E-05; -3.679511123E-18
0; -16; 3; 6000000000; 1; n_drain; 3.600238719E-07; -3.31838392E-19
0; -16; 4; 8000000000; 1; n_drain; 1.633847769E-09; -0
0; -15; 0; 0; 0; n_gate; -0.06099999878; 0
0; -15; 1; 2000000000; 0; n_gate; 0.001060360972; 1.1277871E-15
0; -15; 2; 4000000000; 0; n_gate; 0; -0
0; -15; 3; 6000000000; 0; n_gate; -2.263113581E-18; 4.204432955E-19
0; -15; 4; 8000000000; 0; n_gate; 0; -0
0; -15; 0; 0; 1; n_drain; 0.04916620959; 0
0; -15; 1; 2000000000; 1; n_drain; 0.003312134859; 2.310217989E-14
0; -15; 2; 4000000000; 1; n_drain; 5.317905729E-05; 1.76708996E-14
0; -15; 3; 6000000000; 1; n_drain; 5.085422724E-07; -9.562314409E-15
0; -15; 4; 8000000000; 1; n_drain; 2.5891616E-09; -2.499042639E-14
0; -14; 0; 0; 0; n_gate; -0.06099999878; 0
0; -14; 1; 2000000000; 0; n_gate; 0.001189744578; 1.26244501E-15
0; -14; 2; 4000000000; 0; n_gate; 0; -0
0; -14; 3; 6000000000; 0; n_gate; -4.241465413E-19; -5.16869648E-19
0; -14; 4; 8000000000; 0; n_gate; 0; -0
0; -14; 0; 0; 1; n_drain; 0.04917998074; 0
0; -14; 1; 2000000000; 1; n_drain; 0.003716719875; 1.691355389E-17
0; -14; 2; 4000000000; 1; n_drain; 6.69518579E-05; -3.469446952E-18
0; -14; 3; 6000000000; 1; n_drain; 7.183263886E-07; -7.474006968E-19
0; -14; 4; 8000000000; 1; n_drain; 4.102879748E-09; -0
0; -13; 0; 0; 0; n_gate; -0.06099999878; 0
0; -13; 1; 2000000000; 0; n_gate; 0.001334915373; 1.415751197E-15
0; -13; 2; 4000000000; 0; n_gate; 0; -0
0; -13; 3; 6000000000; 0; n_gate; 1.131710233E-18; -1.705476234E-18
0; -13; 4; 8000000000; 0; n_gate; 0; -0
0; -13; 0; 0; 1; n_drain; 0.04919731907; 0
0; -13; 1; 2000000000; 1; n_drain; 0.004170854615; -3.07913417E-17
0; -13; 2; 4000000000; 1; n_drain; 8.429275561E-05; -4.187730891E-18
0; -13; 3; 6000000000; 1; n_drain; 1.014647088E-06; -1.910297524E-18
0; -13; 4; 8000000000; 1; n_drain; 6.501525377E-09; -0
0; -12; 0; 0; 0; n_gate; -0.06099999878; 0
0; -12; 1; 2000000000; 0; n_gate; 0.001497799683; 1.591175108E-15
0; -12; 2; 4000000000; 0; n_gate; 0; -0
0; -12; 3; 6000000000; 0; n_gate; -2.032855001E-18; -1.661680757E-18
0; -12; 4; 8000000000; 0; n_gate; 0; -0
0; -12; 0; 0; 1; n_drain; 0.04921914909; 0
0; -12; 1; 2000000000; 1; n_drain; 0.004680660537; -7.285838599E-17
0; -12; 2; 4000000000; 1; n_drain; 0.0001061267854; -1.734723476E-18
0; -12; 3; 6000000000; 1; n_drain; 1.433198749E-06; -8.355980025E-19
0; -12; 4; 8000000000; 1; n_drain; 1.030190061E-08; -0
0; -11; 0; 0; 0; n_gate; -0.06099999878; 0
0; -11; 1; 2000000000; 0; n_gate; 0.001680558886; 1.783620994E-15
0; -11; 2; 4000000000; 0; n_gate; 1.226634733E-18; -1.226634733E-18
0; -11; 3; 6000000000; 0; n_gate; 3.012883599E-18; -2.783293047E-18
0; -11; 4; 8000000000; 0; n_gate; 0; -0
0; -11; 0; 0; 1; n_drain; 0.04924663519; 0
0; -11; 1; 2000000000; 1; n_drain; 0.00525303712; 1.769938363E-14
0; -11; 2; 4000000000; 1; n_drain; 0.0001336191636; -2.499266934E-14
0; -11; 3; 6000000000; 1; n_drain; 2.02439658E-06; 1.767587412E-14
0; -11; 4; 8000000000; 1; n_drain; 1.632275098E-08; -0
0; -10; 0; 0; 0; n_gate; -0.06099999878; 0
0; -10; 1; 2000000000; 0; n_gate; 0.001885618083; 2.00100353E-15
0; -10; 2; 4000000000; 0; n_gate; 0; -0
0; -10; 3; 6000000000; 0; n_gate; -4.297265555E-21; 2.025895755E-18
0; -10; 4; 8000000000; 0; n_gate; 0; -0
0; -10; 0; 0; 1; n_drain; 0.04928124404; 0
0; -10; 1; 2000000000; 1; n_drain; 0.005895769657; 2.726117942E-14
0; -10; 2; 4000000000; 1; n_drain; 0.0001682378794; 7.312164383E-15
0; -10; 3; 6000000000; 1; n_drain; 2.859446148E-06; 4.076733682E-14
0; -10; 4; 8000000000; 1; n_drain; 2.586036416E-08; -2.500083474E-14
0; -9; 0; 0; 0; n_gate; -0.06099999878; 0
0; -9; 1; 2000000000; 0; n_gate; 0.002115698287; 2.244298497E-15
0; -9; 2; 4000000000; 0; n_gate; 0; -0
0; -9; 3; 6000000000; 0; n_gate; 2.555672211E-18; -8.567965567E-19
0; -9; 4; 8000000000; 0; n_gate; 0; -0
0; -9; 0; 0; 1; n_drain; 0.04932482334; 0
0; -9; 1; 2000000000; 1; n_drain; 0.006617655462; 3.035766083E-17
0; -9; 2; 4000000000; 1; n_drain; 0.0002118327124; 1.219727444E-18
0; -9; 3; 6000000000; 1; n_drain; 4.038914429E-06; -1.372193375E-19
0; -9; 4; 8000000000; 1; n_drain; 4.096719577E-08; -3.469446952E-18
0; -8; 0; 0; 0; n_gate; -0.06099999878; 0
0; -8; 1; 2000000000; 0; n_gate; 0.002373852522; 2.519685849E-15
0; -8; 2; 4000000000; 0; n_gate; 0; -0
0; -8; 3; 6000000000; 0; n_gate; 2.182275298E-18; -4.566151347E-19
0; -8; 4; 8000000000; 0; n_gate; 0; -0
0; -8; 0; 0; 1; n_drain; 0.04937970125; 0
0; -8; 1; 2000000000; 1; n_drain; 0.007428652948; -2.949029909E-17
0; -8; 2; 4000000000; 1; n_drain; 0.0002667350732; -2.968003447E-18
0; -8; 3; 6000000000; 1; n_drain; 5.704831457E-06; -4.785736152E-20
0; -8; 4; 8000000000; 1; n_drain; 6.489123097E-08; -3.469446952E-18
0; -7; 0; 0; 0; n_gate; -0.06099999878; 0
0; -7; 1; 2000000000; 0; n_gate; 0.002663506337; 2.826081383E-15
0; -7; 2; 4000000000; 0; n_gate; 1.734723476E-18; -0
0; -7; 3; 6000000000; 0; n_gate; -1.043733068E-18; -1.009600186E-19
0; -7; 4; 8000000000; 0; n_gate; 0; -0
0; -7; 0; 0; 1; n_drain; 0.04944881188; 0
0; -7; 1; 2000000000; 1; n_drain; 0.008340059423; 2.312299657E-14
0; -7; 2; 4000000000; 1; n_drain; 0.0003358842667; 1.767141121E-14
0; -7; 3; 6000000000; 1; n_drain; 8.057776349E-06; -9.561961183E-15
0; -7; 4; 8000000000; 1; n_drain; 1.027710218E-07; -2.498695695E-14
0; -6; 0; 0; 0; n_gate; -0.06099999878; 0
0; -6; 1; 2000000000; 0; n_gate; 0.002988503263; 3.172592397E-15
0; -6; 2; 4000000000; 0; n_gate; 1.734723476E-18; -0
0; -6; 3; 6000000000; 0; n_gate; -1.147976163E-18; 2.026322177E-18
0; -6; 4; 8000000000; 0; n_gate; 0; -0
0; -6; 0; 0; 1; n_drain; 0.04953585411; 0
0; -6; 1; 2000000000; 1; n_drain; 0.009364725482; -9.540979118E-18
0; -6; 2; 4000000000; 1; n_drain; 0.0004229873494; -1.246832498E-18
0; -6; 3; 6000000000; 1; n_drain; 1.138099485E-05; 1.334076892E-19
0; -6; 4; 8000000000; 1; n_drain; 1.6273199E-07; -3.469446952E-18
0; -5; 0; 0; 0; n_gate; -0.06099999878; 0
0; -5; 1; 2000000000; 0; n_gate; 0.003353155812; 3.559435732E-15
0; -5; 2; 4000000000; 0; n_gate; 0; -0
0; -5; 3; 6000000000; 0; n_gate; -1.566943593E-18; 2.525723555E-19
0; -5; 4; 8000000000; 0; n_gate; 0; -0
0; -5; 0; 0; 1; n_drain; 0.04964549252; 0
0; -5; 1; 2000000000; 1; n_drain; 0.01051731654; -1.82145965E-17
0; -5; 2; 4000000000; 1; n_drain; 0.0005327217996; -4.689174396E-18
0; -5; 3; 6000000000; 1; n_drain; 1.607443989E-05; 2.491547414E-18
0; -5; 4; 8000000000; 1; n_drain; 2.576151273E-07; -0
0; -4; 0; 0; 0; n_gate; -0.06099999878; 0
0; -4; 1; 2000000000; 0; n_gate; 0.003762302702; 3.994851325E-15
0; -4; 2; 4000000000; 0; n_gate; 0; -0
0; -4; 3; 6000000000; 0; n_gate; -1.536883334E-18; -1.867899602E-18
0; -4; 4; 8000000000; 0; n_gate; 0; -0
0; -4; 0; 0; 1; n_drain; 0.04978361199; 0
0; -4; 1; 2000000000; 1; n_drain; 0.01181463588; 2.308396529E-14
0; -4; 2; 4000000000; 1; n_drain; 0.0006709928983; -1.76745554E-14
0; -4; 3; 6000000000; 1; n_drain; 2.27028007E-05; -9.565809042E-15
0; -4; 4; 8000000000; 1; n_drain; 4.076976385E-07; 2.500083474E-14
0; -3; 0; 0; 0; n_gate; -0.06099999878; 0
0; -3; 1; 2000000000; 0; n_gate; 0.004221373062; 4.477971813E-15
0; -3; 2; 4000000000; 0; n_gate; 1.734723476E-18; 1.734723476E-18
0; -3; 3; 6000000000; 0; n_gate; -2.49852425E-19; -2.677183855E-19
0; -3; 4; 8000000000; 0; n_gate; 0; -0
0; -3; 0; 0; 1; n_drain; 0.04995764095; 0
0; -3; 1; 2000000000; 1; n_drain; 0.01327602893; 4.081891075E-14
0; -3; 2; 4000000000; 1; n_drain; 0.0008452612607; 7.311859451E-15
0; -3; 3; 6000000000; 1; n_drain; 3.206325147E-05; 8.098281262E-15
0; -3; 4; 8000000000; 1; n_drain; 6.449690109E-07; 2.500083474E-14
0; -2; 0; 0; 0; n_gate; -0.06099999878; 0
0; -2; 1; 2000000000; 0; n_gate; 0.004736458478; 5.025927591E-15
0; -2; 2; 4000000000; 0; n_gate; 1.226634733E-18; 1.226634733E-18
0; -2; 3; 6000000000; 0; n_gate; 1.188947156E-18; -4.152042236E-19
0; -2; 4; 8000000000; 0; n_gate; 0; -0
0; -2; 0; 0; 1; n_drain; 0.05017696246; 0
0; -2; 1; 2000000000; 1; n_drain; 0.01492389572; 6.591949209E-17
0; -2; 2; 4000000000; 1; n_drain; 0.001064960665; 1.311884629E-17
0; -2; 3; 6000000000; 1; n_drain; 4.528096916E-05; 2.325952473E-18
0; -2; 4; 8000000000; 1; n_drain; 1.019832004E-06; 3.469446952E-18
0; -1; 0; 0; 0; n_gate; -0.06099999878; 0
0; -1; 1; 2000000000; 0; n_gate; 0.00531439382; 5.638718659E-15
0; -1; 2; 4000000000; 0; n_gate; 4.187992943E-18; -0
0; -1; 3; 6000000000; 0; n_gate; -3.791307691E-19; 7.045042372E-19
0; -1; 4; 8000000000; 0; n_gate; 0; -0
0; -1; 0; 0; 1; n_drain; 0.05045343814; 0
0; -1; 1; 2000000000; 1; n_drain; 0.01678434869; 1.127570259E-17
0; -1; 2; 4000000000; 1; n_drain; 0.001342032632; 3.469446952E-18
0; -1; 3; 6000000000; 1; n_drain; 6.394372437E-05; 1.690677763E-18
0; -1; 4; 8000000000; 1; n_drain; 1.611575776E-06; -0
0; 0; 0; 0; 0; n_gate; -0.06099999878; 0
0; 0; 1; 2000000000; 0; n_gate; 0.00596284794; 6.325669155E-15
0; 0; 2; 4000000000; 0; n_gate; 0; 7.185459907E-19
0; 0; 3; 6000000000; 0; n_gate; 2.324522064E-18; -5.798729552E-19
0; 0; 4; 8000000000; 0; n_gate; 0; -0
0; 0; 0; 0; 1; n_drain; 0.05080207797; 0
0; 0; 1; 2000000000; 1; n_drain; 0.01888806746; 2.318284453E-14
0; 0; 2; 4000000000; 1; n_drain; 0.00169161272; -1.765970183E-14
0; 0; 3; 6000000000; 1; n_drain; 9.02913668E-05; -9.567874108E-15
0; 0; 4; 8000000000; 1; n_drain; 2.544674503E-06; 2.500083474E-14
0; 1; 0; 0; 0; n_gate; -0.06099999878; 0
0; 1; 1; 2000000000; 0; n_gate; 0.006690425429; 7.098922145E-15
0; 1; 2; 4000000000; 0; n_gate; 1.226634733E-18; 1.226634733E-18
0; 1; 3; 6000000000; 0; n_gate; 4.051901242E-18; -1.033415E-19
0; 1; 4; 8000000000; 0; n_gate; 0; -0
0; 1; 0; 0; 1; n_drain; 0.05124189906; 0
0; 1; 1; 2000000000; 1; n_drain; 0.02127142171; -2.775557562E-17
0; 1; 2; 4000000000; 1; n_drain; 0.002132915036; -2.493664997E-18
0; 1; 3; 6000000000; 1; n_drain; 0.0001274822826; 2.303929617E-19
0; 1; 4; 8000000000; 1; n_drain; 4.014017038E-06; -3.469446952E-18
0; 2; 0; 0; 0; n_gate; -0.06099999878; 0
0; 2; 1; 2000000000; 0; n_gate; 0.007506780798; 7.96498284E-15
0; 2; 2; 4000000000; 0; n_gate; 1.734723476E-18; -1.734723476E-18
0; 2; 3; 6000000000; 0; n_gate; -3.035373439E-19; 1.543770198E-18
0; 2; 4; 8000000000; 0; n_gate; 0; -0
0; 2; 0; 0; 1; n_drain; 0.05179703083; 0
0; 2; 1; 2000000000; 1; n_drain; 0.02397796056; 1.776356839E-14
0; 2; 2; 4000000000; 1; n_drain; 0.002690377173; 2.499888317E-14
0; 2; 3; 6000000000; 1; n_drain; 0.0001799674645; 1.765615106E-14
0; 2; 4; 8000000000; 1; n_drain; 6.323680531E-06; -3.469446952E-18
0; 3; 0; 0; 0; n_gate; -0.06099999878; 0
0; 3; 1; 2000000000; 0; n_gate; 0.008422746588; 8.937729029E-15
0; 3; 2; 4000000000; 0; n_gate; 0; 1.734723476E-18
0; 3; 3; 6000000000; 0; n_gate; 3.556882228E-19; 2.801053519E-18
0; 3; 4; 8000000000; 0; n_gate; 0; -0
0; 3; 0; 0; 1; n_drain; 0.05249814286; 0
0; 3; 1; 2000000000; 1; n_drain; 0.02706040462; 1.776703784E-14
0; 3; 2; 4000000000; 1; n_drain; 0.003395149089; -2.499432952E-14
0; 3; 3; 6000000000; 1; n_drain; 0.0002540143891; 1.770060335E-14
0; 3; 4; 8000000000; 1; n_drain; 9.945933429E-06; -0
0; 4; 0; 0; 0; n_gate; -0.06099999878; 0
0; 4; 1; 2000000000; 0; n_gate; 0.009450477107; 1.003017114E-14
0; 4; 2; 4000000000; 0; n_gate; -1.226634733E-18; -1.226634733E-18
0; 4; 3; 6000000000; 0; n_gate; -4.179093035E-18; -1.364405279E-19
0; 4; 4; 8000000000; 0; n_gate; 0; -0
0; 4; 0; 0; 1; n_drain; 0.05338429747; 0
0; 4; 1; 2000000000; 1; n_drain; 0.03058332721; -4.857225733E-17
0; 4; 2; 4000000000; 1; n_drain; 0.004287038185; -8.890457814E-18
0; 4; 3; 6000000000; 1; n_drain; 0.0003584380977; 1.179069863E-18
0; 4; 4; 8000000000; 1; n_drain; 1.560979372E-05; 3.469446952E-18
0; 5; 0; 0; 0; n_gate; -0.06099999878; 0
0; 5; 1; 2000000000; 0; n_gate; 0.01060360972; 1.124968174E-14
0; 5; 2; 4000000000; 0; n_gate; 0; -0
0; 5; 3; 6000000000; 0; n_gate; -2.33990276E-20; -5.269581406E-19
0; 5; 4; 8000000000; 0; n_gate; 0; -0
0; 5; 0; 0; 1; n_drain; 0.05450536273; 0
0; 5; 1; 2000000000; 1; n_drain; 0.03462677904; 5.845324225E-14
0; 5; 2; 4000000000; 1; n_drain; 0.005417060697; 1.761308113E-14
0; 5; 3; 6000000000; 1; n_drain; 0.0005056160404; 2.579224811E-14
0; 5; 4; 8000000000; 1; n_drain; 2.443132943E-05; -2.497654861E-14
0; 6; 0; 0; 0; n_gate; -0.06099999878; 0
0; 6; 1; 2000000000; 0; n_gate; 0.01189744578; 1.262184801E-14
0; 6; 2; 4000000000; 0; n_gate; 0; 2.453269467E-18
0; 6; 3; 6000000000; 0; n_gate; -8.05875087E-19; -1.633870105E-18
0; 6; 4; 8000000000; 0; n_gate; 0; -0
0; 6; 0; 0; 1; n_drain; 0.05592516575; 0
0; 6; 1; 2000000000; 1; n_drain; 0.03929119707; 4.818367927E-14
0; 6; 2; 4000000000; 1; n_drain; 0.006850797485; 1.771673086E-14
0; 6; 3; 6000000000; 1; n_drain; 0.000712885489; -3.453327576E-14
0; 6; 4; 8000000000; 1; n_drain; 3.809972175E-05; -2.496614027E-14
0; 7; 0; 0; 0; n_gate; -0.06099999878; 0
0; 7; 1; 2000000000; 0; n_gate; 0.01334915373; 1.416314982E-14
0; 7; 2; 4000000000; 0; n_gate; -1.226634733E-18; -1.226634733E-18
0; 7; 3; 6000000000; 0; n_gate; 8.67361738E-19; -8.67361738E-19
0; 7; 4; 8000000000; 0; n_gate; 0; -0
0; 7; 0; 0; 1; n_drain; 0.05772562001; 0
0; 7; 1; 2000000000; 1; n_drain; 0.0447040428; 7.53563878E-14
0; 7; 2; 4000000000; 1; n_drain; 0.008672807778; 6.029638594E-14
0; 7; 3; 6000000000; 1; n_drain; 0.001004443631; 6.147155267E-15
0; 7; 4; 8000000000; 1; n_drain; 5.91304664E-05; -3.469446952E-17
0; 8; 0; 0; 0; n_gate; -0.06099999878; 0
0; 8; 1; 2000000000; 0; n_gate; 0.01497799683; 1.589006704E-14
0; 8; 2; 4000000000; 0; n_gate; 0; -0
0; 8; 3; 6000000000; 0; n_gate; 5.501253668E-19; 1.582998323E-18
0; 8; 4; 8000000000; 0; n_gate; 0; -0
0; 8; 0; 0; 1; n_drain; 0.0600121184; 0
0; 8; 1; 2000000000; 1; n_drain; 0.05102872577; 5.861630625E-14
0; 8; 2; 4000000000; 1; n_drain; 0.01099240623; -1.770241939E-14
0; 8; 3; 6000000000; 1; n_drain; 0.001413879335; 2.580092173E-14
0; 8; 4; 8000000000; 1; n_drain; 9.118156161E-05; 2.502165142E-14
0; 9; 0; 0; 0; n_gate; -0.06099999878; 0
0; 9; 1; 2000000000; 0; n_gate; 0.01680558886; 1.783295733E-14
0; 9; 2; 4000000000; 0; n_gate; -1.226634733E-18; -5.080887426E-19
0; 9; 3; 6000000000; 0; n_gate; 1.839199309E-18; -6.784138046E-20
0; 9; 4; 8000000000; 0; n_gate; 0; -0
0; 9; 0; 0; 1; n_drain; 0.06292052816; 0
0; 9; 1; 2000000000; 1; n_drain; 0.05847644648; 3.544387006E-14
0; 9; 2; 4000000000; 1; n_drain; 0.01395112347; -3.035766083E-17
0; 9; 3; 6000000000; 1; n_drain; 0.001987433737; 3.537833004E-14
0; 9; 4; 8000000000; 1; n_drain; 0.0001393809212; 1.387778781E-17
0; 10; 0; 0; 0; n_gate; -0.06099999878; 0
0; 10; 1; 2000000000; 0; n_gate; 0.01885618083; 2.000656585E-14
0; 10; 2; 4000000000; 0; n_gate; 2.961358209E-18; -1.226634733E-18
0; 10; 3; 6000000000; 0; n_gate; 7.34411245E-19; 6.68387264E-19
0; 10; 4; 8000000000; 0; n_gate; 0; -0
0; 10; 0; 0; 1; n_drain; 0.06662610515; 0
0; 10; 1; 2000000000; 1; n_drain; 0.06732154329; 5.226721833E-14
0; 10; 2; 4000000000; 1; n_drain; 0.01773206736; 4.263516623E-14
0; 10; 3; 6000000000; 1; n_drain; 0.002787950082; 1.56790813E-14
0; 10; 4; 8000000000; 1; n_drain; 0.0002104919706; 2.491062912E-14
1; -50; 0; 0; 0; n_gate; -0.06099999878; 0
1; -50; 1; 2000000000; 0; n_gate; 1.885618083E-05; 1.830268792E-17
1; -50; 2; 4000000000; 0; n_gate; 0; -0
1; -50; 3; 6000000000; 0; n_gate; -1.924931006E-18; 6.440571645E-19
1; -50; 4; 8000000000; 0; n_gate; 0; -0
1; -50; 0; 0; 1; n_drain; 0.04911305044; 0
1; -50; 1; 2000000000; 1; n_drain; 5.888580082E-05; -3.388131789E-21
1; -50; 2; 4000000000; 1; n_drain; 1.682182119E-08; -0
1; -50; 3; 6000000000; 1; n_drain; 2.874282767E-12; 1.268746325E-21
1; -50; 4; 8000000000; 1; n_drain; 2.498001805E-14; -0
1; -20; 0; 0; 0; n_gate; -0.06099999878; 0
1; -20; 1; 2000000000; 0; n_gate; 0.000596284794; 6.328488081E-16
1; -20; 2; 4000000000; 0; n_gate; 0; -0
1; -20; 3; 6000000000; 0; n_gate; 7.611569041E-19; 2.042333981E-18
1; -20; 4; 8000000000; 0; n_gate; 0; -0
1; -20; 0; 0; 1; n_drain; 0.04912985582; 0
1; -20; 1; 2000000000; 1; n_drain; 0.00186240395; 8.782037597E-18
1; -20; 2; 4000000000; 1; n_drain; 1.682262666E-05; 2.961227184E-18
1; -20; 3; 6000000000; 1; n_drain; 9.050810079E-08; 6.847434198E-19
1; -20; 4; 8000000000; 1; n_drain; 2.593773391E-10; -3.469446952E-18
1; -19; 0; 0; 0; n_gate; -0.06099999878; 0
1; -19; 1; 2000000000; 0; n_gate; 0.0006690425429; 7.087429602E-16
1; -19; 2; 4000000000; 0; n_gate; 0; -0
1; -19; 3; 6000000000; 0; n_gate; 2.782939092E-19; 2.771458602E-19
1; -19; 4; 8000000000; 0; n_gate; 0; -0
1; -19; 0; 0; 1; n_drain; 0.04913421178; 0
1; -19; 1; 2000000000; 1; n_drain; 0.002089730528; 8.456776945E-18
1; -19; 2; 4000000000; 1; n_drain; 2.117876898E-05; -0
1; -19; 3; 6000000000; 1; n_drain; 1.278454859E-07; -3.340006421E-18
1; -19; 4; 8000000000; 1; n_drain; 4.111277499E-10; -0
1; -18; 0; 0; 0; n_gate; -0.06099999878; 0
1; -18; 1; 2000000000; 0; n_gate; 0.0007506780798; 7.962380755E-16
1; -18; 2; 4000000000; 0; n_gate; 0; -0
1; -18; 3; 6000000000; 0; n_gate; 5.9343084E-19; -1.036103934E-18
1; -18; 4; 8000000000; 0; n_gate; 0; -0
1; -18; 0; 0; 1; n_drain; 0.04913969574; 0
1; -18; 1; 2000000000; 1; n_drain; 0.002344827715; 8.456776945E-18
1; -18; 2; 4000000000; 1; n_drain; 2.666302819E-05; -0
1; -18; 3; 6000000000; 1; n_drain; 1.80585737E-07; -3.328813013E-18
1; -18; 4; 8000000000; 1; n_drain; 6.514928978E-10; -0
1; -17; 0; 0; 0; n_gate; -0.06099999878; 0
1; -17; 1; 2000000000; 0; n_gate; 0.0008422746588; 8.944125822E-16
1; -17; 2; 4000000000; 0; n_gate; 0; -0
1; -17; 3; 6000000000; 0; n_gate; -5.489941186E-19; -1.314670794E-18
1; -17; 4; 8000000000; 0; n_gate; 0; -0
1; -17; 0; 0; 1; n_drain; 0.04914659989; 0
1; -17; 1; 2000000000; 1; n_drain; 0.002631097462; 1.7685289E-14
1; -17; 2; 4000000000; 1; n_drain; 3.356761591E-05; -2.499563057E-14
1; -17; 3; 6000000000; 1; n_drain; 2.550825427E-07; 1.767390582E-14
1; -17; 4; 8000000000; 1; n_drain; 1.032459125E-09; -0
1; -16; 0; 0; 0; n_gate; -0.06099999878; 0
1; -16; 1; 2000000000; 0; n_gate; 0.0009450477107; 1.001640177E-15
1; -16; 2; 4000000000; 0; n_gate; 0; -0
1; -16; 3; 6000000000; 0; n_gate; -1.089630686E-18; -4.108361181E-19
1; -16; 4; 8000000000; 0; n_gate; 0; -0
1; -16; 0; 0; 1; n_drain; 0.04915529206; 0
1; -16; 1; 2000000000; 1; n_drain; 0.002952362371; 2.492906055E-14
1; -16; 2; 4000000000; 1; n_drain; 4.226047511E-05; -0
1; -16; 3; 6000000000; 1; n_drain; 3.603109099E-07; -2.499347816E-14
1; -16; 4; 8000000000; 1; n_drain; 1.636184375E-09; -3.469446952E-18
1; -15; 0; 0; 0; n_gate; -0.06099999878; 0
1; -15; 1; 2000000000; 0; n_gate; 0.001060360972; 1.1277871E-15
1; -15; 2; 4000000000; 0; n_gate; 0; -0
1; -15; 3; 6000000000; 0; n_gate; -2.263113581E-18; 4.204432955E-19
1; -15; 4; 8000000000; 0; n_gate; 0; -0
1; -15; 0; 0; 1; n_drain; 0.04916623545; 0
1; -15; 1; 2000000000; 1; n_drain; 0.003312919299; -9.23740251E-17
1; -15; 2; 4000000000; 1; n_drain; 5.320492604E-05; -2.961227184E-18
1; -15; 3; 6000000000; 1; n_drain; 5.089476509E-07; 6.431759397E-19
1; -15; 4; 8000000000; 1; n_drain; 2.592897438E-09; -0
1; -14; 0; 0; 0; n_gate; -0.06099999878; 0
1; -14; 1; 2000000000; 0; n_gate; 0.001189744578; 1.26244501E-15
1; -14; 2; 4000000000; 0; n_gate; 0; -0
1; -14; 3; 6000000000; 0; n_gate; -4.241465413E-19; -5.16869648E-19
1; -14; 4; 8000000000; 0; n_gate; 0; -0
1; -14; 0; 0; 1; n_drain; 0.04918001331; 0
1; -14; 1; 2000000000; 1; n_drain; 0.003717600503; 1.452830911E-17
1; -14; 2; 4000000000; 1; n_drain; 6.698443393E-05; -0
1; -14; 3; 6000000000; 1; n_drain; 7.188991876E-07; -4.613947282E-19
1; -14; 4; 8000000000; 1; n_drain; 4.108878376E-09; -0
1; -13; 0; 0; 0; n_gate; -0.06099999878; 0
1; -13; 1; 2000000000; 0; n_gate; 0.001334915373; 1.415751197E-15
1; -13; 2; 4000000000; 0; n_gate; 0; -0
1; -13; 3; 6000000000; 0; n_gate; 1.131710233E-18; -1.705476234E-18
1; -13; 4; 8000000000; 0; n_gate; 0; -0
1; -13; 0; 0; 1; n_drain; 0.04919736009; 0
1; -13; 1; 2000000000; 1; n_drain; 0.004171843345; -7.892991816E-17
1; -13; 2; 4000000000; 1; n_drain; 8.433378024E-05; -1.734723476E-18
1; -13; 3; 6000000000; 1; n_drain; 1.015456351E-06; 2.36110434E-19
1; -13; 4; 8000000000; 1; n_drain; 6.510993404E-09; -0
1; -12; 0; 0; 0; n_gate; -0.06099999878; 0
1; -12; 1; 2000000000; 0; n_gate; 0.001497799683; 1.591175108E-15
1; -12; 2; 4000000000; 0; n_gate; 0; -0
1; -12; 3; 6000000000; 0; n_gate; -2.032855001E-18; -1.661680757E-18
1; -12; 4; 8000000000; 0; n_gate; 0; -0
1; -12; 0; 0; 1; n_drain; 0.04921920075; 0
1; -12; 1; 2000000000; 1; n_drain; 0.004681770825; 2.311258823E-14
1; -12; 2; 4000000000; 1; n_drain; 0.0001061784542; -1.76745825E-14
1; -12; 3; 6000000000; 1; n_drain; 1.434342162E-06; -9.567446621E-15
1; -12; 4; 8000000000; 1; n_drain; 1.031684069E-08; 2.499736529E-14
1; -11; 0; 0; 0; n_gate; -0.06099999878; 0
1; -11; 1; 2000000000; 0; n_gate; 0.001680558886; 1.783620994E-15
1; -11; 2; 4000000000; 0; n_gate; 1.226634733E-18; -1.226634733E-18
1; -11; 3; 6000000000; 0; n_gate; 3.012883599E-18; -2.783293047E-18
1; -11; 4; 8000000000; 0; n_gate; 0; -0
1; -11; 0; 0; 1; n_drain; 0.04924670025; 0
1; -11; 1; 2000000000; 1; n_drain; 0.005254284178; 2.311865976E-14
1; -11; 2; 4000000000; 1; n_drain; 0.0001336842456; -1.76716145E-14
1; -11; 3; 6000000000; 1; n_drain; 2.026012185E-06; -9.564437378E-15
1; -11; 4; 8000000000; 1; n_drain; 1.634640043E-08; 2.499389584E-14
1; -10; 0; 0; 0; n_gate; -0.06099999878; 0
1; -10; 1; 2000000000; 0; n_gate; 0.001885618083; 2.00100353E-15
1; -10; 2; 4000000000; 0; n_gate; 0; -0
1; -10; 3; 6000000000; 0; n_gate; -4.297265555E-21; 2.025895755E-18
1; -10; 4; 8000000000; 0; n_gate; 0; -0
1; -10; 0; 0; 1; n_drain; 0.04928132599; 0
1; -10; 1; 2000000000; 1; n_drain; 0.005897170708; 2.732189475E-17
1; -10; 2; 4000000000; 1; n_drain; 0.0001683198676; 1.734723476E-18
1; -10; 3; 6000000000; 1; n_drain; 2.861729223E-06; 2.478100766E-18
1; -10; 4; 8000000000; 1; n_drain; 2.589791546E-08; -0
1; -9; 0; 0; 0; n_gate; -0.06099999878; 0
1; -9; 1; 2000000000; 0; n_gate; 0.002115698287; 2.244298497E-15
1; -9; 2; 4000000000; 0; n_gate; 0; -0
1; -9; 3; 6000000000; 0; n_gate; 2.555672211E-18; -8.567965567E-19
1; -9; 4; 8000000000; 0; n_gate; 0; -0
1; -9; 0; 0; 1; n_drain; 0.04932492659; 0
1; -9; 1; 2000000000; 1; n_drain; 0.006619230054; -8.543513119E-17
1; -9; 2; 4000000000; 1; n_drain; 0.0002119360167; -4.187730891E-18
1; -9; 3; 6000000000; 1; n_drain; 4.042141062E-06; 3.09622306E-18
1; -9; 4; 8000000000; 1; n_drain; 4.102670507E-08; -0
1; -8; 0; 0; 0; n_gate; -0.06099999878; 0
1; -8; 1; 2000000000; 0; n_gate; 0.002373852522; 2.519685849E-15
1; -8; 2; 4000000000; 0; n_gate; 0; -0
1; -8; 3; 6000000000; 0; n_gate; 2.182275298E-18; -4.566151347E-19
1; -8; 4; 8000000000; 0; n_gate; 0; -0
1; -8; 0; 0; 1; n_drain; 0.04937983134; 0
1; -8; 1; 2000000000; 1; n_drain; 0.007430423323; 3.382710778E-17
1; -8; 2; 4000000000; 1; n_drain; 0.0002668652638; 2.95445092E-18
1; -8; 3; 6000000000; 1; n_drain; 5.709392449E-06; 6.534859188E-19
1; -8; 4; 8000000000; 1; n_drain; 6.498558474E-08; 3.469446952E-18
1; -7; 0; 0; 0; n_gate; -0.06099999878; 0
1; -7; 1; 2000000000; 0; n_gate; 0.002663506337; 2.826081383E-15
1; -7; 2; 4000000000; 0; n_gate; 1.734723476E-18; -0
1; -7; 3; 6000000000; 0; n_gate; -1.043733068E-18; -1.009600186E-19
1; -7; 4; 8000000000; 0; n_gate; 0; -0
1; -7; 0; 0; 1; n_drain; 0.04944897584; 0
1; -7; 1; 2000000000; 1; n_drain; 0.008342050985; 3.469446952E-17
1; -7; 2; 4000000000; 1; n_drain; 0.000336048386; 5.204170428E-18
1; -7; 3; 6000000000; 1; n_drain; 8.064224378E-06; 3.11538718E-18
1; -7; 4; 8000000000; 1; n_drain; 1.029205496E-07; -0
1; -6; 0; 0; 0; n_gate; -0.06099999878; 0
1; -6; 1; 2000000000; 0; n_gate; 0.002988503263; 3.172592397E-15
1; -6; 2; 4000000000; 0; n_gate; 1.734723476E-18; -0
1; -6; 3; 6000000000; 0; n_gate; -1.147976163E-18; 2.026322177E-18
1; -6; 4; 8000000000; 0; n_gate; 0; -0
1; -6; 0; 0; 1; n_drain; 0.04953606084; 0
1; -6; 1; 2000000000; 1; n_drain; 0.009366967361; 4.423544864E-17
1; -6; 2; 4000000000; 1; n_drain; 0.0004231943108; 4.174178364E-18
1; -6; 3; 6000000000; 1; n_drain; 1.139011265E-05; 1.658066994E-18
1; -6; 4; 8000000000; 1; n_drain; 1.629692248E-07; 3.469446952E-18
1; -5; 0; 0; 0; n_gate; -0.06099999878; 0
1; -5; 1; 2000000000; 0; n_gate; 0.003353155812; 3.559435732E-15
1; -5; 2; 4000000000; 0; n_gate; 0; -0
1; -5; 3; 6000000000; 0; n_gate; -1.566943593E-18; 2.525723555E-19
1; -5; 4; 8000000000; 0; n_gate; 0; -0
1; -5; 0; 0; 1; n_drain; 0.04964575324; 0
1; -5; 1; 2000000000; 1; n_drain; 0.01051984231; -4.857225733E-17
1; -5; 2; 4000000000; 1; n_drain; 0.0005329828997; -1.219727444E-18
1; -5; 3; 6000000000; 1; n_drain; 1.608733648E-05; 5.416775698E-19
1; -5; 4; 8000000000; 1; n_drain; 2.579912703E-07; -3.469446952E-18
1; -4; 0; 0; 0; n_gate; -0.06099999878; 0
1; -4; 1; 2000000000; 0; n_gate; 0.003762302702; 3.994851325E-15
1; -4; 2; 4000000000; 0; n_gate; 0; -0
1; -4; 3; 6000000000; 0; n_gate; -1.536883334E-18; -1.867899602E-18
1; -4; 4; 8000000000; 0; n_gate; 0; -0
1; -4; 0; 0; 1; n_drain; 0.04978394097; 0
1; -4; 1; 2000000000; 1; n_drain; 0.01181748448; 5.377642776E-17
1; -4; 2; 4000000000; 1; n_drain; 0.0006713224781; 5.421010862E-18
1; -4; 3; 6000000000; 1; n_drain; 2.272104856E-05; -9.207248137E-19
1; -4; 4; 8000000000; 1; n_drain; 4.082943194E-07; -0
1; -3; 0; 0; 0; n_gate; -0.06099999878; 0
1; -3; 1; 2000000000; 0; n_gate; 0.004221373062; 4.477971813E-15
1; -3; 2; 4000000000; 0; n_gate; 1.734723476E-18; 1.734723476E-18
1; -3; 3; 6000000000; 0; n_gate; -2.49852425E-19; -2.677183855E-19
1; -3; 4; 8000000000; 0; n_gate; 0; -0
1; -3; 0; 0; 1; n_drain; 0.04995805631; 0
1; -3; 1; 2000000000; 1; n_drain; 0.01327924585; -1.647987302E-17
1; -3; 2; 4000000000; 1; n_drain; 0.0008456775641; -0
1; -3; 3; 6000000000; 1; n_drain; 3.208908206E-05; -9.266540443E-19
1; -3; 4; 8000000000; 1; n_drain; 6.459155896E-07; -0
1; -2; 0; 0; 0; n_gate; -0.06099999878; 0
1; -2; 1; 2000000000; 0; n_gate; 0.004736458478; 5.025927591E-15
1; -2; 2; 4000000000; 0; n_gate; 1.226634733E-18; 1.226634733E-18
1; -2; 3; 6000000000; 0; n_gate; 1.188947156E-18; -4.152042236E-19
1; -2; 4; 8000000000; 0; n_gate; 0; -0
1; -2; 0; 0; 1; n_drain; 0.05017748724; 0
1; -2; 1; 2000000000; 1; n_drain; 0.01492753454; -7.806255642E-18
1; -2; 2; 4000000000; 1; n_drain; 0.001065486961; 3.686287386E-18
1; -2; 3; 6000000000; 1; n_drain; 4.531755346E-05; -1.343394254E-18
1; -2; 4; 8000000000; 1; n_drain; 1.021334192E-06; 3.469446952E-18
1; -1; 0; 0; 0; n_gate; -0.06099999878; 0
1; -1; 1; 2000000000; 0; n_gate; 0.00531439382; 5.638718659E-15
1; -1; 2; 4000000000; 0; n_gate; 4.187992943E-18; -0
1; -1; 3; 6000000000; 0; n_gate; -3.791307691E-19; 7.045042372E-19
1; -1; 4; 8000000000; 0; n_gate; 0; -0
1; -1; 0; 0; 1; n_drain; 0.05045410181; 0
1; -1; 1; 2000000000; 1; n_drain; 0.01678847317; 7.285838599E-17
1; -1; 2; 4000000000; 1; n_drain; 0.001342698694; 1.181780368E-17
1; -1; 3; 6000000000; 1; n_drain; 6.399557452E-05; -8.758320675E-19
1; -1; 4; 8000000000; 1; n_drain; 1.61396069E-06; -0
1; 0; 0; 0; 0; n_gate; -0.06099999878; 0
1; 0; 1; 2000000000; 0; n_gate; 0.00596284794; 6.325669155E-15
1; 0; 2; 4000000000; 0; n_gate; 0; 7.185459907E-19
1; 0; 3; 6000000000; 0; n_gate; 2.324522064E-18; -5.798729552E-19
1; 0; 4; 8000000000; 0; n_gate; 0; -0
1; 0; 0; 0; 1; n_drain; 0.05080291825; 0
1; 0; 1; 2000000000; 1; n_drain; 0.01889275436; 2.3054475E-14
1; 0; 2; 4000000000; 1; n_drain; 0.001692456793; 1.766111129E-14
1; 0; 3; 6000000000; 1; n_drain; 9.036491521E-05; -9.559271641E-15
1; 0; 4; 8000000000; 1; n_drain; 2.548462263E-06; -2.497654861E-14
1; 1; 0; 0; 0; n_gate; -0.06099999878; 0
1; 1; 1; 2000000000; 0; n_gate; 0.006690425429; 7.098922145E-15
1; 1; 2; 4000000000; 0; n_gate; 1.226634733E-18; 1.226634733E-18
1; 1; 3; 6000000000; 0; n_gate; 4.051901242E-18; -1.033415E-19
1; 1; 4; 8000000000; 0; n_gate; 0; -0
1; 1; 0; 0; 1; n_drain; 0.05124296448; 0
1; 1; 1; 2000000000; 1; n_drain; 0.02127676458; 2.317417092E-14
1; 1; 2; 4000000000; 1; n_drain; 0.002133986482; 1.768767424E-14
1; 1; 3; 6000000000; 1; n_drain; 0.0001275867198; -9.552119295E-15
1; 1; 4; 8000000000; 1; n_drain; 4.020035924E-06; -2.497307916E-14
1; 2; 0; 0; 0; n_gate; -0.06099999878; 0
1; 2; 1; 2000000000; 0; n_gate; 0.007506780798; 7.96498284E-15
1; 2; 2; 4000000000; 0; n_gate; 1.734723476E-18; -1.734723476E-18
1; 2; 3; 6000000000; 0; n_gate; -3.035373439E-19; 1.543770198E-18
1; 2; 4; 8000000000; 0; n_gate; 0; -0
1; 2; 0; 0; 1; n_drain; 0.05179838413; 0
1; 2; 1; 2000000000; 1; n_drain; 0.02398407507; 4.263256415E-14
1; 2; 2; 4000000000; 1; n_drain; 0.002691740068; 2.495746665E-14
1; 2; 3; 6000000000; 1; n_drain; 0.000180115958; -7.344968275E-15
1; 2; 4; 8000000000; 1; n_drain; 6.333250533E-06; -0
1; 3; 0; 0; 0; n_gate; -0.06099999878; 0
1; 3; 1; 2000000000; 0; n_gate; 0.008422746588; 8.937729029E-15
1; 3; 2; 4000000000; 0; n_gate; 0; 1.734723476E-18
1; 3; 3; 6000000000; 0; n_gate; 3.556882228E-19; 2.801053519E-18
1; 3; 4; 8000000000; 0; n_gate; 0; -0
1; 3; 0; 0; 1; n_drain; 0.05249986569; 0
1; 3; 1; 2000000000; 1; n_drain; 0.02706743598; 3.253126934E-14
1; 3; 2; 4000000000; 1; n_drain; 0.003396887189; 3.527495136E-14
1; 3; 3; 6000000000; 1; n_drain; 0.0002542258671; 1.348350414E-14
1; 3; 4; 8000000000; 1; n_drain; 9.961161265E-06; -3.122502257E-17
1; 4; 0; 0; 0; n_gate; -0.06099999878; 0
1; 4; 1; 2000000000; 0; n_gate; 0.009450477107; 1.002496697E-14
1; 4; 2; 4000000000; 0; n_gate; -1.226634733E-18; -1.226634733E-18
1; 4; 3; 6000000000; 0; n_gate; 7.013992545E-19; -1.767735466E-18
1; 4; 4; 8000000000; 0; n_gate; 0; -0
1; 4; 0; 0; 1; n_drain; 0.05338649685; 0
1; 4; 1; 2000000000; 1; n_drain; 0.03059146069; 1.767162805E-14
1; 4; 2; 4000000000; 1; n_drain; 0.004289261866; -2.50413839E-14
1; 4; 3; 6000000000; 1; n_drain; 0.0003587398788; 1.770591594E-14
1; 4; 4; 8000000000; 1; n_drain; 1.563404602E-05; -0
1; 5; 0; 0; 0; n_gate; -0.06099999878; 0
1; 5; 1; 2000000000; 0; n_gate; 0.01060360972; 1.124968174E-14
1; 5; 2; 4000000000; 0; n_gate; 0; -0
1; 5; 3; 6000000000; 0; n_gate; -2.33990276E-20; -5.269581406E-19
1; 5; 4; 8000000000; 0; n_gate; 0; -0
1; 5; 0; 0; 1; n_drain; 0.05450818008; 0
1; 5; 1; 2000000000; 1; n_drain; 0.03463625508; 1.078789835E-13
1; 5; 2; 4000000000; 1; n_drain; 0.005419916818; 2.479266792E-14
1; 5; 3; 6000000000; 1; n_drain; 0.0005060477417; 1.969262156E-14
1; 5; 4; 8000000000; 1; n_drain; 2.44699951E-05; -8.326672685E-17
1; 6; 0; 0; 0; n_gate; -0.06099999878; 0
1; 6; 1; 2000000000; 0; n_gate; 0.01189744578; 1.262184801E-14
1; 6; 2; 4000000000; 0; n_gate; 0; 2.453269467E-18
1; 6; 3; 6000000000; 0; n_gate; -8.05875087E-19; -1.633870105E-18
1; 6; 4; 8000000000; 0; n_gate; 0; -0
1; 6; 0; 0; 1; n_drain; 0.05592878995; 0
1; 6; 1; 2000000000; 1; n_drain; 0.03930233315; 9.020562075E-17
1; 6; 2; 4000000000; 1; n_drain; 0.006854483589; 4.857225733E-17
1; 6; 3; 6000000000; 1; n_drain; 0.0007135048832; 1.276648058E-17
1; 6; 4; 8000000000; 1; n_drain; 3.816144111E-05; -0
1; 7; 0; 0; 0; n_gate; -0.06099999878; 0
1; 7; 1; 2000000000; 0; n_gate; 0.01334915373; 1.416314982E-14
1; 7; 2; 4000000000; 0; n_gate; -1.226634733E-18; -1.226634733E-18
1; 7; 3; 6000000000; 0; n_gate; 8.67361738E-19; -8.67361738E-19
1; 7; 4; 8000000000; 0; n_gate; 0; -0
1; 7; 0; 0; 1; n_drain; 0.05773030611; 0
1; 7; 1; 2000000000; 1; n_drain; 0.04471726559; 6.571132527E-14
1; 7; 2; 4000000000; 1; n_drain; 0.008677592897; 4.260047176E-14
1; 7; 3; 6000000000; 1; n_drain; 0.001005335506; -1.690851235E-14
1; 7; 4; 8000000000; 1; n_drain; 5.922911544E-05; -2.495226248E-14
1; 8; 0; 0; 0; n_gate; -0.06099999878; 0
1; 8; 1; 2000000000; 0; n_gate; 0.01497799683; 1.589006704E-14
1; 8; 2; 4000000000; 0; n_gate; 0; -0
1; 8; 3; 6000000000; 0; n_gate; 5.501253668E-19; 1.582998323E-18
1; 8; 4; 8000000000; 0; n_gate; 0; -0
1; 8; 0; 0; 1; n_drain; 0.06001821525; 0
1; 8; 1; 2000000000; 1; n_drain; 0.05104461869; 4.043293478E-14
1; 8; 2; 4000000000; 1; n_drain; 0.01099866174; 4.247860744E-14
1; 8; 3; 6000000000; 1; n_drain; 0.001415169011; 8.058766328E-15
1; 8; 4; 8000000000; 1; n_drain; 9.133945334E-05; -2.494532358E-14
1; 9; 0; 0; 0; n_gate; -0.06099999878; 0
1; 9; 1; 2000000000; 0; n_gate; 0.01680558886; 1.783295733E-14
1; 9; 2; 4000000000; 0; n_gate; -1.226634733E-18; -5.080887426E-19
1; 9; 3; 6000000000; 0; n_gate; 1.839199309E-18; -6.784138046E-20
1; 9; 4; 8000000000; 0; n_gate; 0; -0
1; 9; 0; 0; 1; n_drain; 0.06292851949; 0
1; 9; 1; 2000000000; 1; n_drain; 0.05849582105; 2.719352521E-14
1; 9; 2; 4000000000; 1; n_drain; 0.01395936948; 4.255623631E-14
1; 9; 3; 6000000000; 1; n_drain; 0.001989307833; 4.061719494E-14
1; 9; 4; 8000000000; 1; n_drain; 0.0001396339494; 2.488287354E-14
1; 10; 0; 0; 0; n_gate; -0.06099999878; 0
1; 10; 1; 2000000000; 0; n_gate; 0.01885618083; 2.000656585E-14
1; 10; 2; 4000000000; 0; n_gate; 2.961358209E-18; -1.226634733E-18
1; 10; 3; 6000000000; 0; n_gate; 7.34411245E-19; 6.68387264E-19
1; 10; 4; 8000000000; 0; n_gate; 0; -0
1; 10; 0; 0; 1; n_drain; 0.06663667131; 0
1; 10; 1; 2000000000; 1; n_drain; 0.06734554669; 8.347836311E-14
1; 10; 2; 4000000000; 1; n_drain; 0.01774304295; -1.78745907E-14
1; 10; 3; 6000000000; 1; n_drain; 0.002790688571; 7.984064798E-16
1; 10; 4; 8000000000; 1; n_drain; 0.0002108977965; 2.506328478E-14
2; -50; 0; 0; 0; n_gate; -0.06099999878; 0
2; -50; 1; 2000000000; 0; n_gate; 1.885618083E-05; 2.070656743E-17
2; -50; 2; 4000000000; 0; n_gate; 0; -0
2; -50; 3; 6000000000; 0; n_gate; 4.788254745E-19; -3.516113706E-19
2; -50; 4; 8000000000; 0; n_gate; 0; -0
2; -50; 0; 0; 1; n_drain; 0.04911305043; 0
2; -50; 1; 2000000000; 1; n_drain; 5.886973569E-05; 1.070566437E-08
2; -50; 2; 4000000000; 1; n_drain; 1.681224495E-08; 6.4144461E-12
2; -50; 3; 6000000000; 1; n_drain; 2.871617816E-12; 1.166705587E-14
2; -50; 4; 8000000000; 1; n_drain; 2.49834875E-14; 2.499042639E-14
2; -20; 0; 0; 0; n_gate; -0.06099999878; 0
2; -20; 1; 2000000000; 0; n_gate; 0.000596284794; 6.328488081E-16
2; -20; 2; 4000000000; 0; n_gate; 0; -0
2; -20; 3; 6000000000; 0; n_gate; 7.611569041E-19; 2.042333981E-18
2; -20; 4; 8000000000; 0; n_gate; 0; -0
2; -20; 0; 0; 1; n_drain; 0.04912984637; 0
2; -20; 1; 2000000000; 1; n_drain; 0.001861895609; 3.386494537E-07
2; -20; 2; 4000000000; 1; n_drain; 1.681320722E-05; 6.319333948E-09
2; -20; 3; 6000000000; 1; n_drain; 9.04252074E-08; 5.608490349E-11
2; -20; 4; 8000000000; 1; n_drain; 2.589697554E-10; 3.235745005E-13
2; -19; 0; 0; 0; n_gate; -0.06099999878; 0
2; -19; 1; 2000000000; 0; n_gate; 0.0006690425429; 7.087429602E-16
2; -19; 2; 4000000000; 0; n_gate; 0; -0
2; -19; 3; 6000000000; 0; n_gate; 2.782939092E-19; 2.771458602E-19
2; -19; 4; 8000000000; 0; n_gate; 0; -0
2; -19; 0; 0; 1; n_drain; 0.04913419987; 0
2; -19; 1; 2000000000; 1; n_drain; 0.002089160071; 3.799993243E-07
2; -19; 2; 4000000000; 1; n_drain; 2.116690969E-05; 7.95594555E-09
2; -19; 3; 6000000000; 1; n_drain; 1.27728426E-07; 7.92080145E-11
2; -19; 4; 8000000000; 1; n_drain; 4.103828041E-10; 4.260203301E-13
2; -18; 0; 0; 0; n_gate; -0.06099999878; 0
2; -18; 1; 2000000000; 0; n_gate; 0.0007506780798; 7.968885968E-16
2; -18; 2; 4000000000; 0; n_gate; 0; -0
2; -18; 3; 6000000000; 0; n_gate; -7.041909398E-20; 5.665715797E-19
2; -18; 4; 8000000000; 0; n_gate; 0; -0
2; -18; 0; 0; 1; n_drain; 0.04913968075; 0
2; -18; 1; 2000000000; 1; n_drain; 0.002344187519; 4.264088319E-07
2; -18; 2; 4000000000; 1; n_drain; 2.664809662E-05; 1.00167316E-08
2; -18; 3; 6000000000; 1; n_drain; 1.804202939E-07; 1.118763176E-10
2; -18; 4; 8000000000; 1; n_drain; 6.503832126E-10; 7.363380738E-13
2; -17; 0; 0; 0; n_gate; -0.06099999878; 0
2; -17; 1; 2000000000; 0; n_gate; 0.0008422746588; 8.944125822E-16
2; -17; 2; 4000000000; 0; n_gate; 0; -0
2; -17; 3; 6000000000; 0; n_gate; -5.489941186E-19; -1.314670794E-18
2; -17; 4; 8000000000; 0; n_gate; 0; -0
2; -17; 0; 0; 1; n_drain; 0.04914658101; 0
2; -17; 1; 2000000000; 1; n_drain; 0.002630378963; 4.78498765E-07
2; -17; 2; 4000000000; 1; n_drain; 3.354881566E-05; 1.261151811E-08
2; -17; 3; 6000000000; 1; n_drain; 2.54848875E-07; 1.580165263E-10
2; -17; 4; 8000000000; 1; n_drain; 1.030751342E-09; 1.178935422E-12
2; -16; 0; 0; 0; n_gate; -0.06099999878; 0
2; -16; 1; 2000000000; 0; n_gate; 0.0009450477107; 1.001640177E-15
2; -16; 2; 4000000000; 0; n_gate; 0; -0
2; -16; 3; 6000000000; 0; n_gate; -1.089630686E-18; -4.108361181E-19
2; -16; 4; 8000000000; 0; n_gate; 0; -0
2; -16; 0; 0; 1; n_drain; 0.04915526829; 0
2; -16; 1; 2000000000; 1; n_drain; 0.002951555938; 5.369695136E-07
2; -16; 2; 4000000000; 1; n_drain; 4.22368031E-05; 1.587882717E-08
2; -16; 3; 6000000000; 1; n_drain; 3.599807573E-07; 2.232320511E-10
2; -16; 4; 8000000000; 1; n_drain; 1.633497157E-09; 1.858353749E-12
2; -15; 0; 0; 0; n_gate; -0.06099999878; 0
2; -15; 1; 2000000000; 0; n_gate; 0.001060360972; 1.1277871E-15
2; -15; 2; 4000000000; 0; n_gate; 0; -0
2; -15; 3; 6000000000; 0; n_gate; -2.263113581E-18; 4.204432955E-19
2; -15; 4; 8000000000; 0; n_gate; 0; -0
2; -15; 0; 0; 1; n_drain; 0.04916620552; 0
2; -15; 1; 2000000000; 1; n_drain; 0.003312014094; 6.026098697E-07
2; -15; 2; 4000000000; 1; n_drain; 5.317511841E-05; 1.999327834E-08
2; -15; 3; 6000000000; 1; n_drain; 5.084813471E-07; 3.153459922E-10
2; -15; 4; 8000000000; 1; n_drain; 2.588579327E-09; 2.955618389E-12
2; -14; 0; 0; 0; n_gate; -0.06099999878; 0
2; -14; 1; 2000000000; 0; n_gate; 0.001189744578; 1.26244501E-15
2; -14; 2; 4000000000; 0; n_gate; 0; -0
2; -14; 3; 6000000000; 0; n_gate; -4.241465413E-19; -5.16869648E-19
2; -14; 4; 8000000000; 0; n_gate; 0; -0
2; -14; 0; 0; 1; n_drain; 0.04917997562; 0
2; -14; 1; 2000000000; 1; n_drain; 0.0037165843; 6.763220345E-07
2; -14; 2; 4000000000; 1; n_drain; 6.69468978E-05; 2.517537202E-08
2; -14; 3; 6000000000; 1; n_drain; 7.182403182E-07; 4.454902985E-10
2; -14; 4; 8000000000; 1; n_drain; 4.102095826E-09; 4.623565419E-12
2; -13; 0; 0; 0; n_gate; -0.06099999878; 0
2; -13; 1; 2000000000; 0; n_gate; 0.001334915373; 1.415751197E-15
2; -13; 2; 4000000000; 0; n_gate; 0; -0
2; -13; 3; 6000000000; 0; n_gate; 1.131710233E-18; -1.705476234E-18
2; -13; 4; 8000000000; 0; n_gate; 0; -0
2; -13; 0; 0; 1; n_drain; 0.04919731263; 0
2; -13; 1; 2000000000; 1; n_drain; 0.004170702396; 7.590893437E-07
2; -13; 2; 4000000000; 1; n_drain; 8.428650904E-05; 3.170157589E-08
2; -13; 3; 6000000000; 1; n_drain; 1.014525452E-06; 6.294296147E-10
2; -13; 4; 8000000000; 1; n_drain; 6.500180484E-09; 7.365420773E-12
2; -12; 0; 0; 0; n_gate; -0.06099999878; 0
2; -12; 1; 2000000000; 0; n_gate; 0.001497799683; 1.591175108E-15
2; -12; 2; 4000000000; 0; n_gate; 0; -0
2; -12; 3; 6000000000; 0; n_gate; -2.032855001E-18; -1.661680757E-18
2; -12; 4; 8000000000; 0; n_gate; 0; -0
2; -12; 0; 0; 1; n_drain; 0.04921914098; 0
2; -12; 1; 2000000000; 1; n_drain; 0.004680489601; 8.520563454E-07
2; -12; 2; 4000000000; 1; n_drain; 0.0001061189181; 3.992225576E-08
2; -12; 3; 6000000000; 1; n_drain; 1.433026928E-06; 8.892493039E-10
2; -12; 4; 8000000000; 1; n_drain; 1.029970567E-08; 1.171871281E-11
2; -11; 0; 0; 0; n_gate; -0.06099999878; 0
2; -11; 1; 2000000000; 0; n_gate; 0.001680558886; 1.783620994E-15
2; -11; 2; 4000000000; 0; n_gate; 1.226634733E-18; -1.226634733E-18
2; -11; 3; 6000000000; 0; n_gate; 3.012883599E-18; -2.783293047E-18
2; -11; 4; 8000000000; 0; n_gate; 0; -0
2; -11; 0; 0; 1; n_drain; 0.04924662497; 0
2; -11; 1; 2000000000; 1; n_drain; 0.005252845124; 9.565091251E-07
2; -11; 2; 4000000000; 1; n_drain; 0.000133609254; 5.027856115E-08
2; -11; 3; 6000000000; 1; n_drain; 2.024153723E-06; 1.256503758E-09
2; -11; 4; 8000000000; 1; n_drain; 1.631923832E-08; 1.856755374E-11
2; -10; 0; 0; 0; n_gate; -0.06099999878; 0
2; -10; 1; 2000000000; 0; n_gate; 0.001885618083; 2.00100353E-15
2; -10; 2; 4000000000; 0; n_gate; 0; -0
2; -10; 3; 6000000000; 0; n_gate; -4.297265555E-21; 2.025895755E-18
2; -10; 4; 8000000000; 0; n_gate; 0; -0
2; -10; 0; 0; 1; n_drain; 0.04928123116; 0
2; -10; 1; 2000000000; 1; n_drain; 0.005895553947; 1.073907829E-06
2; -10; 2; 4000000000; 1; n_drain; 0.0001682253954; 6.332775221E-08
2; -10; 3; 6000000000; 1; n_drain; 2.859102922E-06; 1.775571934E-09
2; -10; 4; 8000000000; 1; n_drain; 2.585485321E-08; 2.942507349E-11
2; -9; 0; 0; 0; n_gate; -0.06099999878; 0
2; -9; 1; 2000000000; 0; n_gate; 0.002115698287; 2.244298497E-15
2; -9; 2; 4000000000; 0; n_gate; 0; -0
2; -9; 3; 6000000000; 0; n_gate; 2.555672211E-18; -8.567965567E-19
2; -9; 4; 8000000000; 0; n_gate; 0; -0
2; -9; 0; 0; 1; n_drain; 0.04932480712; 0
2; -9; 1; 2000000000; 1; n_drain; 0.006617413028; 1.20591512E-06
2; -9; 2; 4000000000; 1; n_drain; 0.0002118169826; 7.977375783E-08
2; -9; 3; 6000000000; 1; n_drain; 4.038429438E-06; 2.509193061E-09
2; -9; 4; 8000000000; 1; n_drain; 4.09584538E-08; 4.665704281E-11
2; -8; 0; 0; 0; n_gate; -0.06099999878; 0
2; -8; 1; 2000000000; 0; n_gate; 0.002373852522; 2.519685849E-15
2; -8; 2; 4000000000; 0; n_gate; 0; -0
2; -8; 3; 6000000000; 0; n_gate; 2.182275298E-18; -4.566151347E-19
2; -8; 4; 8000000000; 0; n_gate; 0; -0
2; -8; 0; 0; 1; n_drain; 0.04937968081; 0
2; -8; 1; 2000000000; 1; n_drain; 0.00742838036; 1.354430874E-06
2; -8; 2; 4000000000; 1; n_drain; 0.0002667152492; 1.005066176E-07
2; -8; 3; 6000000000; 1; n_drain; 5.704145999E-06; 3.546454091E-09
2; -8; 4; 8000000000; 1; n_drain; 6.487730067E-08; 7.404908284E-11
2; -7; 0; 0; 0; n_gate; -0.06099999878; 0
2; -7; 1; 2000000000; 0; n_gate; 0.002663506337; 2.826081383E-15
2; -7; 2; 4000000000; 0; n_gate; 1.734723476E-18; -0
2; -7; 3; 6000000000; 0; n_gate; -1.043733068E-18; -1.009600186E-19
2; -7; 4; 8000000000; 0; n_gate; 0; -0
2; -7; 0; 0; 1; n_drain; 0.04944878612; 0
2; -7; 1; 2000000000; 1; n_drain; 0.008339752766; 1.521635446E-06
2; -7; 2; 4000000000; 1; n_drain; 0.0003358592761; 1.266530886E-07
2; -7; 3; 6000000000; 1; n_drain; 8.056807187E-06; 5.013289555E-09
2; -7; 4; 8000000000; 1; n_drain; 1.027489586E-07; 1.173557675E-10
2; -6; 0; 0; 0; n_gate; -0.06099999878; 0
2; -6; 1; 2000000000; 0; n_gate; 0.002988503263; 3.172592397E-15
2; -6; 2; 4000000000; 0; n_gate; 1.734723476E-18; -0
2; -6; 3; 6000000000; 0; n_gate; -1.147976163E-18; 2.026322177E-18
2; -6; 4; 8000000000; 0; n_gate; 0; -0
2; -6; 0; 0; 1; n_drain; 0.04953582164; 0
2; -6; 1; 2000000000; 1; n_drain; 0.009364380263; 1.710044119E-06
2; -6; 2; 4000000000; 1; n_drain; 0.0004229558345; 1.596413748E-07
2; -6; 3; 6000000000; 1; n_drain; 1.137962451E-05; 7.088164633E-09
2; -6; 4; 8000000000; 1; n_drain; 1.626970337E-07; 1.860958124E-10
2; -5; 0; 0; 0; n_gate; -0.06099999878; 0
2; -5; 1; 2000000000; 0; n_gate; 0.003353155812; 3.559435732E-15
2; -5; 2; 4000000000; 0; n_gate; 0; -0
2; -5; 3; 6000000000; 0; n_gate; -1.566943593E-18; 2.525723555E-19
2; -5; 4; 8000000000; 0; n_gate; 0; -0
2; -5; 0; 0; 1; n_drain; 0.04964545156; 0
2; -5; 1; 2000000000; 1; n_drain; 0.01051692757; 1.922576802E-06
2; -5; 2; 4000000000; 1; n_drain; 0.0005326820398; 2.012851404E-07
2; -5; 3; 6000000000; 1; n_drain; 1.607250155E-05; 1.002417597E-08
2; -5; 4; 8000000000; 1; n_drain; 2.575595797E-07; 2.952077818E-10
2; -4; 0; 0; 0; n_gate; -0.06099999878; 0
2; -4; 1; 2000000000; 0; n_gate; 0.003762302702; 3.994851325E-15
2; -4; 2; 4000000000; 0; n_gate; 0; -0
2; -4; 3; 6000000000; 0; n_gate; -1.536883334E-18; -1.867899602E-18
2; -4; 4; 8000000000; 0; n_gate; 0; -0
2; -4; 0; 0; 1; n_drain; 0.0497835603; 0
2; -4; 1; 2000000000; 1; n_drain; 0.01181419716; 2.162648087E-06
2; -4; 2; 4000000000; 1; n_drain; 0.000670942709; 2.538922754E-07
2; -4; 3; 6000000000; 1; n_drain; 2.270005822E-05; 1.41807472E-08
2; -4; 4; 8000000000; 1; n_drain; 4.076096845E-07; 4.68368979E-10
2; -3; 0; 0; 0; n_gate; -0.06099999878; 0
2; -3; 1; 2000000000; 0; n_gate; 0.004221373062; 4.477971813E-15
2; -3; 2; 4000000000; 0; n_gate; 1.734723476E-18; 1.734723476E-18
2; -3; 3; 6000000000; 0; n_gate; -2.49852425E-19; -2.677183855E-19
2; -3; 4; 8000000000; 0; n_gate; 0; -0
2; -3; 0; 0; 1; n_drain; 0.04995757569; 0
2; -3; 1; 2000000000; 1; n_drain; 0.01327553344; 2.434285971E-06
2; -3; 2; 4000000000; 1; n_drain; 0.0008451978625; 3.204075092E-07
2; -3; 3; 6000000000; 1; n_drain; 3.205936932E-05; 2.006850576E-08
2; -3; 4; 8000000000; 1; n_drain; 6.448293465E-07; 7.431868454E-10
2; -2; 0; 0; 0; n_gate; -0.06099999878; 0
2; -2; 1; 2000000000; 0; n_gate; 0.004736458478; 5.025927591E-15
2; -2; 2; 4000000000; 0; n_gate; 1.226634733E-18; 1.226634733E-18
2; -2; 3; 6000000000; 0; n_gate; 1.188947156E-18; -4.152042236E-19
2; -2; 4; 8000000000; 0; n_gate; 0; -0
2; -2; 0; 0; 1; n_drain; 0.05017687999; 0
2; -2; 1; 2000000000; 1; n_drain; 0.01492333517; 2.742289429E-06
2; -2; 2; 4000000000; 1; n_drain; 0.001064880512; 4.046004676E-07
2; -2; 3; 6000000000; 1; n_drain; 4.527547089E-05; 2.841444943E-08
2; -2; 4; 8000000000; 1; n_drain; 1.019610409E-06; 1.179706725E-09
2; -1; 0; 0; 0; n_gate; -0.06099999878; 0
2; -1; 1; 2000000000; 0; n_gate; 0.00531439382; 5.638718659E-15
2; -1; 2; 4000000000; 0; n_gate; 4.187992943E-18; -0
2; -1; 3; 6000000000; 0; n_gate; -3.791307691E-19; 7.045042372E-19
2; -1; 4; 8000000000; 0; n_gate; 0; -0
2; -1; 0; 0; 1; n_drain; 0.05045333384; 0
2; -1; 1; 2000000000; 1; n_drain; 0.01678371321; 3.092440994E-06
2; -1; 2; 4000000000; 1; n_drain; 0.001341931187; 5.113154731E-07
2; -1; 3; 6000000000; 1; n_drain; 6.393593197E-05; 4.02555E-08
2; -1; 4; 8000000000; 1; n_drain; 1.611224025E-06; 1.873272325E-09
2; 0; 0; 0; 0; n_gate; -0.06099999878; 0
2; 0; 1; 2000000000; 0; n_gate; 0.00596284794; 6.325669155E-15
2; 0; 2; 4000000000; 0; n_gate; 0; 7.185459907E-19
2; 0; 3; 6000000000; 0; n_gate; 2.324522064E-18; -5.798729552E-19
2; 0; 4; 8000000000; 0; n_gate; 0; -0
2; 0; 0; 0; 1; n_drain; 0.05080194591; 0
2; 0; 1; 2000000000; 1; n_drain; 0.01888734519; 3.491796933E-06
2; 0; 2; 4000000000; 1; n_drain; 0.001691484153; 6.468091705E-07
2; 0; 3; 6000000000; 1; n_drain; 9.028031369E-05; 5.707408659E-08
2; 0; 4; 8000000000; 1; n_drain; 2.544115951E-06; 2.976106417E-09
2; 1; 0; 0; 0; n_gate; -0.06099999878; 0
2; 1; 1; 2000000000; 0; n_gate; 0.006690425429; 7.098922145E-15
2; 1; 2; 4000000000; 0; n_gate; 1.226634733E-18; 1.226634733E-18
2; 1; 3; 6000000000; 0; n_gate; 4.051901242E-18; -1.033415E-19
2; 1; 4; 8000000000; 0; n_gate; 0; -0
2; 1; 0; 0; 1; n_drain; 0.0512417316; 0
2; 1; 1; 2000000000; 1; n_drain; 0.02127059813; 3.9490866E-06
2; 1; 2; 4000000000; 1; n_drain; 0.002132751821; 8.192087099E-07
2; 1; 3; 6000000000; 1; n_drain; 0.0001274665878; 8.099559529E-08
2; 1; 4; 8000000000; 1; n_drain; 4.01312976E-06; 4.730996504E-09
2; 2; 0; 0; 0; n_gate; -0.06099999878; 0
2; 2; 1; 2000000000; 0; n_gate; 0.007506780798; 7.96498284E-15
2; 2; 2; 4000000000; 0; n_gate; 1.734723476E-18; -1.734723476E-18
2; 2; 3; 6000000000; 0; n_gate; -3.035373439E-19; 1.543770198E-18
2; 2; 4; 8000000000; 0; n_gate; 0; -0
2; 2; 0; 0; 1; n_drain; 0.05179681807; 0
2; 2; 1; 2000000000; 1; n_drain; 0.02397701773; 4.475269375E-06
2; 2; 2; 4000000000; 1; n_drain; 0.002690169536; 1.039145044E-06
2; 2; 3; 6000000000; 1; n_drain; 0.0001799451498; 1.150781388E-07
2; 2; 4; 8000000000; 1; n_drain; 6.322270061E-06; 7.526326819E-09
2; 3; 0; 0; 0; n_gate; -0.06099999878; 0
2; 3; 1; 2000000000; 0; n_gate; 0.008422746588; 8.937729029E-15
2; 3; 2; 4000000000; 0; n_gate; 0; 1.734723476E-18
2; 3; 3; 6000000000; 0; n_gate; 3.556882228E-19; 2.801053519E-18
2; 3; 4; 8000000000; 0; n_gate; 0; -0
2; 3; 0; 0; 1; n_drain; 0.05249787194; 0
2; 3; 1; 2000000000; 1; n_drain; 0.02705931998; 5.084318259E-06
2; 3; 2; 4000000000; 1; n_drain; 0.003394884249; 1.32063941E-06
2; 3; 3; 6000000000; 1; n_drain; 0.0002539826109; 1.637407432E-07
2; 3; 4; 8000000000; 1; n_drain; 9.943689831E-06; 1.198415014E-08
2; 4; 0; 0; 0; n_gate; -0.06099999878; 0
2; 4; 1; 2000000000; 0; n_gate; 0.009450477107; 1.002496697E-14
2; 4; 2; 4000000000; 0; n_gate; -1.226634733E-18; -1.226634733E-18
2; 4; 3; 6000000000; 0; n_gate; 7.013992545E-19; -1.767735466E-18
2; 4; 4; 8000000000; 0; n_gate; 0; -0
2; 4; 0; 0; 1; n_drain; 0.05338395153; 0
2; 4; 1; 2000000000; 1; n_drain; 0.03058207193; 5.794334111E-06
2; 4; 2; 4000000000; 1; n_drain; 0.004286699289; 1.682361308E-06
2; 4; 3; 6000000000; 1; n_drain; 0.0003583927526; 2.334016246E-07
2; 4; 4; 8000000000; 1; n_drain; 1.560622214E-05; 1.910355161E-08
2; 5; 0; 0; 0; n_gate; -0.06099999878; 0
2; 5; 1; 2000000000; 0; n_gate; 0.01060360972; 1.125315119E-14
2; 5; 2; 4000000000; 0; n_gate; 0; -0
2; 5; 3; 6000000000; 0; n_gate; 2.436573996E-18; 1.69944282E-18
2; 5; 4; 8000000000; 0; n_gate; 0; -0
2; 5; 0; 0; 1; n_drain; 0.05450491942; 0
2; 5; 1; 2000000000; 1; n_drain; 0.03462531566; 6.629143629E-06
2; 5; 2; 4000000000; 1; n_drain; 0.005416625311; 2.149443118E-06
2; 5; 3; 6000000000; 1; n_drain; 0.0005055511788; 3.334387395E-07
2; 5; 4; 8000000000; 1; n_drain; 2.442563852E-05; 3.049355811E-08
2; 6; 0; 0; 0; n_gate; -0.06099999878; 0
2; 6; 1; 2000000000; 0; n_gate; 0.01189744578; 1.262531746E-14
2; 6; 2; 4000000000; 0; n_gate; 0; 2.453269467E-18
2; 6; 3; 6000000000; 0; n_gate; -2.377443047E-18; 2.562863258E-18
2; 6; 4; 8000000000; 0; n_gate; 0; -0
2; 6; 0; 0; 1; n_drain; 0.05592459523; 0
2; 6; 1; 2000000000; 1; n_drain; 0.03928947602; 7.620615592E-06
2; 6; 2; 4000000000; 1; n_drain; 0.006850235404; 2.756132952E-06
2; 6; 3; 6000000000; 1; n_drain; 0.0007127924361; 4.776505352E-07
2; 6; 4; 8000000000; 1; n_drain; 3.809064453E-05; 4.875302149E-08
2; 7; 0; 0; 0; n_gate; -0.06099999878; 0
2; 7; 1; 2000000000; 0; n_gate; 0.01334915373; 1.416314982E-14
2; 7; 2; 4000000000; 0; n_gate; -1.226634733E-18; -1.226634733E-18
2; 7; 3; 6000000000; 0; n_gate; 8.67361738E-19; -8.67361738E-19
2; 7; 4; 8000000000; 0; n_gate; 0; -0
2; 7; 0; 0; 1; n_drain; 0.05772488191; 0
2; 7; 1; 2000000000; 1; n_drain; 0.04470199735; 8.812047079E-06
2; 7; 2; 4000000000; 1; n_drain; 0.00867207783; 3.549730438E-06
2; 7; 3; 6000000000; 1; n_drain; 0.001004309659; 6.86500692E-07
2; 7; 4; 8000000000; 1; n_drain; 5.911597169E-05; 7.80941223E-08
2; 8; 0; 0; 0; n_gate; -0.06099999878; 0
2; 8; 1; 2000000000; 0; n_gate; 0.01497799683; 1.589353649E-14
2; 8; 2; 4000000000; 0; n_gate; -1.226634733E-18; 1.226634733E-18
2; 8; 3; 6000000000; 0; n_gate; -1.96705809E-19; 3.60284871E-18
2; 8; 4; 8000000000; 0; n_gate; 0; -0
2; 8; 0; 0; 1; n_drain; 0.06001115739; 0
2; 8; 1; 2000000000; 1; n_drain; 0.05102626449; 1.026315701E-05
2; 8; 2; 4000000000; 1; n_drain; 0.01099145151; 4.596496437E-06
2; 8; 3; 6000000000; 1; n_drain; 0.001413685639; 9.906024431E-07
2; 8; 4; 8000000000; 1; n_drain; 9.115839112E-05; 1.25366188E-07
2; 9; 0; 0; 0; n_gate; -0.06099999878; 0
2; 9; 1; 2000000000; 0; n_gate; 0.01680558886; 1.783295733E-14
2; 9; 2; 4000000000; 0; n_gate; -1.226634733E-18; -5.080887426E-19
2; 9; 3; 6000000000; 0; n_gate; 1.839199309E-18; -6.784138046E-20
2; 9; 4; 8000000000; 0; n_gate; 0; -0
2; 9; 0; 0; 1; n_drain; 0.06291926737; 0
2; 9; 1; 2000000000; 1; n_drain; 0.05847344185; 1.205750372E-05
2; 9; 2; 4000000000; 1; n_drain; 0.0139498642; 5.990619649E-06
2; 9; 3; 6000000000; 1; n_drain; 0.001987152326; 1.436173274E-06
2; 9; 4; 8000000000; 1; n_drain; 0.0001393438502; 2.017391162E-07
2; 10; 0; 0; 0; n_gate; -0.06099999878; 0
2; 10; 1; 2000000000; 0; n_gate; 0.01885618083; 2.000656585E-14
2; 10; 2; 4000000000; 0; n_gate; 2.961358209E-18; -1.226634733E-18
2; 10; 3; 6000000000; 0; n_gate; 7.34411245E-19; 6.68387264E-19
2; 10; 4; 8000000000; 0; n_gate; 0; -0
2; 10; 0; 0; 1; n_drain; 0.06662443615; 0
2; 10; 1; 2000000000; 1; n_drain; 0.06731781457; 1.431355225E-05
2; 10; 2; 4000000000; 1; n_drain; 0.01773038993; 7.867910444E-06
2; 10; 3; 6000000000; 1; n_drain; 0.002787538985; 2.093621282E-06
2; 10; 4; 8000000000; 1; n_drain; 0.0002104326417; 3.254596445E-07
3; -50; 0; 0; 0; n_gate; -0.06099999878; 0
3; -50; 1; 2000000000; 0; n_gate; 1.885618083E-05; 2.254632299E-17
3; -50; 2; 4000000000; 0; n_gate; 0; -0
3; -50; 3; 6000000000; 0; n_gate; 5.8385756E-19; 1.488144191E-18
3; -50; 4; 8000000000; 0; n_gate; 0; -0
3; -50; 0; 0; 1; n_drain; 0.04911305042; 0
3; -50; 1; 2000000000; 1; n_drain; 5.886260123E-05; -3.388131789E-21
3; -50; 2; 4000000000; 1; n_drain; 1.68079706E-08; -0
3; -50; 3; 6000000000; 1; n_drain; 2.876442597E-12; 3.696444177E-22
3; -50; 4; 8000000000; 1; n_drain; 2.499042639E-14; -0
3; -20; 0; 0; 0; n_gate; -0.06099999878; 0
3; -20; 1; 2000000000; 0; n_gate; 0.000596284794; 6.328488081E-16
3; -20; 2; 4000000000; 0; n_gate; 0; -0
3; -20; 3; 6000000000; 0; n_gate; 7.611569041E-19; 2.042333981E-18
3; -20; 4; 8000000000; 0; n_gate; 0; -0
3; -20; 0; 0; 1; n_drain; 0.04912984216; 0
3; -20; 1; 2000000000; 1; n_drain; 0.001861669859; -2.363560736E-17
3; -20; 2; 4000000000; 1; n_drain; 1.680896721E-05; -0
3; -20; 3; 6000000000; 1; n_drain; 9.038731234E-08; -4.058148085E-20
3; -20; 4; 8000000000; 1; n_drain; 2.58708388E-10; -0
3; -19; 0; 0; 0; n_gate; -0.06099999878; 0
3; -19; 1; 2000000000; 0; n_gate; 0.0006690425429; 7.087429602E-16
3; -19; 2; 4000000000; 0; n_gate; 0; -0
3; -19; 3; 6000000000; 0; n_gate; 2.782939092E-19; 2.771458602E-19
3; -19; 4; 8000000000; 0; n_gate; 0; -0
3; -19; 0; 0; 1; n_drain; 0.04913419458; 0
3; -19; 1; 2000000000; 1; n_drain; 0.002088906734; 6.505213035E-18
3; -19; 2; 4000000000; 1; n_drain; 2.116157139E-05; -5.082197684E-19
3; -19; 3; 6000000000; 1; n_drain; 1.276748947E-07; 1.276849228E-18
3; -19; 4; 8000000000; 1; n_drain; 4.100959017E-10; -3.469446952E-18
3; -18; 0; 0; 0; n_gate; -0.06099999878; 0
3; -18; 1; 2000000000; 0; n_gate; 0.0007506780798; 7.968885968E-16
3; -18; 2; 4000000000; 0; n_gate; 0; -0
3; -18; 3; 6000000000; 0; n_gate; -7.041909398E-20; 5.665715797E-19
3; -18; 4; 8000000000; 0; n_gate; 0; -0
3; -18; 0; 0; 1; n_drain; 0.04913967409; 0
3; -18; 1; 2000000000; 1; n_drain; 0.002343903211; 1.19262239E-17
3; -18; 2; 4000000000; 1; n_drain; 2.664137538E-05; 1.734723476E-18
3; -18; 3; 6000000000; 1; n_drain; 1.803446883E-07; 1.561895668E-18
3; -18; 4; 8000000000; 1; n_drain; 6.499446432E-10; -0
3; -17; 0; 0; 0; n_gate; -0.06099999878; 0
3; -17; 1; 2000000000; 0; n_gate; 0.0008422746588; 8.944125822E-16
3; -17; 2; 4000000000; 0; n_gate; 0; -0
3; -17; 3; 6000000000; 0; n_gate; -5.489941186E-19; -1.314670794E-18
3; -17; 4; 8000000000; 0; n_gate; 0; -0
3; -17; 0; 0; 1; n_drain; 0.04914657263; 0
3; -17; 1; 2000000000; 1; n_drain; 0.002630059881; 1.170938346E-17
3; -17; 2; 4000000000; 1; n_drain; 3.354035305E-05; -1.734723476E-18
3; -17; 3; 6000000000; 1; n_drain; 2.547420419E-07; -1.935304848E-18
3; -17; 4; 8000000000; 1; n_drain; 1.029932924E-09; -0
3; -16; 0; 0; 0; n_gate; -0.06099999878; 0
3; -16; 1; 2000000000; 0; n_gate; 0.0009450477107; 1.001640177E-15
3; -16; 2; 4000000000; 0; n_gate; 0; -0
3; -16; 3; 6000000000; 0; n_gate; -1.089630686E-18; -4.108361181E-19
3; -16; 4; 8000000000; 0; n_gate; 0; -0
3; -16; 0; 0; 1; n_drain; 0.04915525774; 0
3; -16; 1; 2000000000; 1; n_drain; 0.002951197804; 1.19262239E-17
3; -16; 2; 4000000000; 1; n_drain; 4.222614737E-05; -0
3; -16; 3; 6000000000; 1; n_drain; 3.598298463E-07; 1.554371633E-18
3; -16; 4; 8000000000; 1; n_drain; 1.63221368E-09; -0
3; -15; 0; 0; 0; n_gate; -0.06099999878; 0
3; -15; 1; 2000000000; 0; n_gate; 0.001060360972; 1.1277871E-15
3; -15; 2; 4000000000; 0; n_gate; 0; -0
3; -15; 3; 6000000000; 0; n_gate; -2.263113581E-18; 4.204432955E-19
3; -15; 4; 8000000000; 0; n_gate; 0; -0
3; -15; 0; 0; 1; n_drain; 0.04916619223; 0
3; -15; 1; 2000000000; 1; n_drain; 0.003311612093; 1.409462824E-17
3; -15; 2; 4000000000; 1; n_drain; 5.316170089E-05; -1.226503708E-18
3; -15; 3; 6000000000; 1; n_drain; 5.082680951E-07; 1.701570077E-18
3; -15; 4; 8000000000; 1; n_drain; 2.58664368E-09; 3.469446952E-18
3; -14; 0; 0; 0; n_gate; -0.06099999878; 0
3; -14; 1; 2000000000; 0; n_gate; 0.001189744578; 1.26244501E-15
3; -14; 2; 4000000000; 0; n_gate; 0; -0
3; -14; 3; 6000000000; 0; n_gate; -4.241465413E-19; -5.16869648E-19
3; -14; 4; 8000000000; 0; n_gate; 0; -0
3; -14; 0; 0; 1; n_drain; 0.04917995888; 0
3; -14; 1; 2000000000; 1; n_drain; 0.003716133005; 2.500799047E-14
3; -14; 2; 4000000000; 1; n_drain; 6.693000127E-05; -4.69595066E-18
3; -14; 3; 6000000000; 1; n_drain; 7.179391134E-07; -2.499096032E-14
3; -14; 4; 8000000000; 1; n_drain; 4.098934175E-09; -0
3; -13; 0; 0; 0; n_gate; -0.06099999878; 0
3; -13; 1; 2000000000; 0; n_gate; 0.001334915373; 1.415751197E-15
3; -13; 2; 4000000000; 0; n_gate; 0; -0
3; -13; 3; 6000000000; 0; n_gate; 1.131710233E-18; -1.705476234E-18
3; -13; 4; 8000000000; 0; n_gate; 0; -0
3; -13; 0; 0; 1; n_drain; 0.04919729155; 0
3; -13; 1; 2000000000; 1; n_drain; 0.004170195699; 1.734723476E-17
3; -13; 2; 4000000000; 1; n_drain; 8.426523034E-05; 2.453007415E-18
3; -13; 3; 6000000000; 1; n_drain; 1.014099875E-06; -3.92970348E-19
3; -13; 4; 8000000000; 1; n_drain; 6.495059386E-09; -0
3; -12; 0; 0; 0; n_gate; -0.06099999878; 0
3; -12; 1; 2000000000; 0; n_gate; 0.001497799683; 1.591175108E-15
3; -12; 2; 4000000000; 0; n_gate; 0; -0
3; -12; 3; 6000000000; 0; n_gate; -2.032855001E-18; -1.661680757E-18
3; -12; 4; 8000000000; 0; n_gate; 0; -0
3; -12; 0; 0; 1; n_drain; 0.04921911444; 0
3; -12; 1; 2000000000; 1; n_drain; 0.004679920604; 9.565265247E-15
3; -12; 2; 4000000000; 1; n_drain; 0.0001060921183; 1.767090299E-14
3; -12; 3; 6000000000; 1; n_drain; 1.432425602E-06; 2.308740652E-14
3; -12; 4; 8000000000; 1; n_drain; 1.0291675E-08; 2.498695695E-14
3; -11; 0; 0; 0; n_gate; -0.06099999878; 0
3; -11; 1; 2000000000; 0; n_gate; 0.001680558886; 1.783620994E-15
3; -11; 2; 4000000000; 0; n_gate; 1.226634733E-18; -1.226634733E-18
3; -11; 3; 6000000000; 0; n_gate; 3.012883599E-18; -2.783293047E-18
3; -11; 4; 8000000000; 0; n_gate; 0; -0
3; -11; 0; 0; 1; n_drain; 0.04924659154; 0
3; -11; 1; 2000000000; 1; n_drain; 0.005252206029; 2.428612866E-17
3; -11; 2; 4000000000; 1; n_drain; 0.0001335754968; -0
3; -11; 3; 6000000000; 1; n_drain; 2.023304014E-06; 1.784910178E-18
3; -11; 4; 8000000000; 1; n_drain; 1.630658548E-08; -0
3; -10; 0; 0; 0; n_gate; -0.06099999878; 0
3; -10; 1; 2000000000; 0; n_gate; 0.001885618083; 2.00100353E-15
3; -10; 2; 4000000000; 0; n_gate; 0; -0
3; -10; 3; 6000000000; 0; n_gate; -4.297265555E-21; 2.025895755E-18
3; -10; 4; 8000000000; 0; n_gate; 0; -0
3; -10; 0; 0; 1; n_drain; 0.04928118905; 0
3; -10; 1; 2000000000; 1; n_drain; 0.005894835925; 2.775557562E-17
3; -10; 2; 4000000000; 1; n_drain; 0.0001681828688; 1.734723476E-18
3; -10; 3; 6000000000; 1; n_drain; 2.857902196E-06; 4.63221143E-19
3; -10; 4; 8000000000; 1; n_drain; 2.583476027E-08; -0
3; -9; 0; 0; 0; n_gate; -0.06099999878; 0
3; -9; 1; 2000000000; 0; n_gate; 0.002115698287; 2.244298497E-15
3; -9; 2; 4000000000; 0; n_gate; 0; -0
3; -9; 3; 6000000000; 0; n_gate; -4.641300304E-20; -8.567965567E-19
3; -9; 4; 8000000000; 0; n_gate; 0; -0
3; -9; 0; 0; 1; n_drain; 0.04932475407; 0
3; -9; 1; 2000000000; 1; n_drain; 0.006616606056; 2.992397996E-17
3; -9; 2; 4000000000; 1; n_drain; 0.0002117633987; -0
3; -9; 3; 6000000000; 1; n_drain; 4.036732386E-06; 1.124436237E-18
3; -9; 4; 8000000000; 1; n_drain; 4.09265581E-08; -0
3; -8; 0; 0; 0; n_gate; -0.06099999878; 0
3; -8; 1; 2000000000; 0; n_gate; 0.002373852522; 2.515782721E-15
3; -8; 2; 4000000000; 0; n_gate; 0; -0
3; -8; 3; 6000000000; 0; n_gate; 3.354152377E-18; -1.111262937E-18
3; -8; 4; 8000000000; 0; n_gate; 0; -0
3; -8; 0; 0; 1; n_drain; 0.04937961396; 0
3; -8; 1; 2000000000; 1; n_drain; 0.007427473032; 2.312039449E-14
3; -8; 2; 4000000000; 1; n_drain; 0.0002666477186; 1.767386422E-14
3; -8; 3; 6000000000; 1; n_drain; 5.701747137E-06; -9.559914963E-15
3; -8; 4; 8000000000; 1; n_drain; 6.482677981E-08; -2.499042639E-14
3; -7; 0; 0; 0; n_gate; -0.06099999878; 0
3; -7; 1; 2000000000; 0; n_gate; 0.002663506337; 2.826081383E-15
3; -7; 2; 4000000000; 0; n_gate; 1.734723476E-18; -0
3; -7; 3; 6000000000; 0; n_gate; -1.043733068E-18; -1.009600186E-19
3; -7; 4; 8000000000; 0; n_gate; 0; -0
3; -7; 0; 0; 1; n_drain; 0.04944870186; 0
3; -7; 1; 2000000000; 1; n_drain; 0.008338732053; -5.204170428E-18
3; -7; 2; 4000000000; 1; n_drain; 0.0003357741448; 1.233279971E-18
3; -7; 3; 6000000000; 1; n_drain; 8.053415726E-06; -7.284483346E-19
3; -7; 4; 8000000000; 1; n_drain; 1.026688297E-07; -0
3; -6; 0; 0; 0; n_gate; -0.06099999878; 0
3; -6; 1; 2000000000; 0; n_gate; 0.002988503263; 3.172592397E-15
3; -6; 2; 4000000000; 0; n_gate; 1.734723476E-18; -0
3; -6; 3; 6000000000; 0; n_gate; -1.147976163E-18; 2.026322177E-18
3; -6; 4; 8000000000; 0; n_gate; 0; -0
3; -6; 0; 0; 1; n_drain; 0.04953571541; 0
3; -6; 1; 2000000000; 1; n_drain; 0.009363231223; 1.77089246E-14
3; -6; 2; 4000000000; 1; n_drain; 0.0004228484779; 2.499064324E-14
3; -6; 3; 6000000000; 1; n_drain; 1.137482863E-05; 1.766689864E-14
3; -6; 4; 8000000000; 1; n_drain; 1.625698805E-07; -3.469446952E-18
3; -5; 0; 0; 0; n_gate; -0.06099999878; 0
3; -5; 1; 2000000000; 0; n_gate; 0.003353155812; 3.559435732E-15
3; -5; 2; 4000000000; 0; n_gate; 0; -0
3; -5; 3; 6000000000; 0; n_gate; -1.566943593E-18; 2.525723555E-19
3; -5; 4; 8000000000; 0; n_gate; 0; -0
3; -5; 0; 0; 1; n_drain; 0.04964531758; 0
3; -5; 1; 2000000000; 1; n_drain; 0.01051563298; 9.562663161E-15
3; -5; 2; 4000000000; 1; n_drain; 0.0005325465961; 1.766477047E-14
3; -5; 3; 6000000000; 1; n_drain; 1.606571787E-05; 2.307807587E-14
3; -5; 4; 8000000000; 1; n_drain; 2.573579382E-07; 2.498695695E-14
3; -4; 0; 0; 0; n_gate; -0.06099999878; 0
3; -4; 1; 2000000000; 0; n_gate; 0.003762302702; 3.994851325E-15
3; -4; 2; 4000000000; 0; n_gate; 0; -0
3; -4; 3; 6000000000; 0; n_gate; -1.536883334E-18; -1.867899602E-18
3; -4; 4; 8000000000; 0; n_gate; 0; -0
3; -4; 0; 0; 1; n_drain; 0.04978339124; 0
3; -4; 1; 2000000000; 1; n_drain; 0.01181273703; 4.804837084E-14
3; -4; 2; 4000000000; 1; n_drain; 0.0006707717357; -1.768171113E-14
3; -4; 3; 6000000000; 1; n_drain; 2.26904592E-05; -3.456112959E-14
3; -4; 4; 8000000000; 1; n_drain; 4.072897768E-07; 2.499389584E-14
3; -3; 0; 0; 0; n_gate; -0.06099999878; 0
3; -3; 1; 2000000000; 0; n_gate; 0.004221373062; 4.477971813E-15
3; -3; 2; 4000000000; 0; n_gate; 1.734723476E-18; 1.734723476E-18
3; -3; 3; 6000000000; 0; n_gate; -2.49852425E-19; -2.677183855E-19
3; -3; 4; 8000000000; 0; n_gate; 0; -0
3; -3; 0; 0; 1; n_drain; 0.04995736223; 0
3; -3; 1; 2000000000; 1; n_drain; 0.01327388442; 9.629450015E-15
3; -3; 2; 4000000000; 1; n_drain; 0.0008449818905; -1.767233278E-14
3; -3; 3; 6000000000; 1; n_drain; 3.204578063E-05; 2.31001792E-14
3; -3; 4; 8000000000; 1; n_drain; 6.443217281E-07; -2.500430418E-14
3; -2; 0; 0; 0; n_gate; -0.06099999878; 0
3; -2; 1; 2000000000; 0; n_gate; 0.004736458478; 5.025927591E-15
3; -2; 2; 4000000000; 0; n_gate; 1.226634733E-18; 1.226634733E-18
3; -2; 3; 6000000000; 0; n_gate; 1.188947156E-18; -4.152042236E-19
3; -2; 4; 8000000000; 0; n_gate; 0; -0
3; -2; 0; 0; 1; n_drain; 0.05017661028; 0
3; -2; 1; 2000000000; 1; n_drain; 0.01492146974; 2.310998615E-14
3; -2; 2; 4000000000; 1; n_drain; 0.001064607462; 1.767558539E-14
3; -2; 3; 6000000000; 1; n_drain; 4.525622346E-05; -9.561833069E-15
3; -2; 4; 8000000000; 1; n_drain; 1.018804672E-06; -2.499042639E-14
3; -1; 0; 0; 0; n_gate; -0.06099999878; 0
3; -1; 1; 2000000000; 0; n_gate; 0.00531439382; 5.638718659E-15
3; -1; 2; 4000000000; 0; n_gate; 4.187992943E-18; -0
3; -1; 3; 6000000000; 0; n_gate; -3.791307691E-19; 7.045042372E-19
3; -1; 4; 8000000000; 0; n_gate; 0; -0
3; -1; 0; 0; 1; n_drain; 0.05045299274; 0
3; -1; 1; 2000000000; 1; n_drain; 0.0167815986; 2.501818197E-14
3; -1; 2; 4000000000; 1; n_drain; 0.001341585599; 7.155734338E-18
3; -1; 3; 6000000000; 1; n_drain; 6.390865023E-05; -2.498849177E-14
3; -1; 4; 8000000000; 1; n_drain; 1.609944605E-06; -0
3; 0; 0; 0; 0; n_gate; -0.06099999878; 0
3; 0; 1; 2000000000; 0; n_gate; 0.00596284794; 6.325669155E-15
3; 0; 2; 4000000000; 0; n_gate; 0; 7.185459907E-19
3; 0; 3; 6000000000; 0; n_gate; 2.324522064E-18; -5.798729552E-19
3; 0; 4; 8000000000; 0; n_gate; 0; -0
3; 0; 0; 0; 1; n_drain; 0.05080151401; 0
3; 0; 1; 2000000000; 1; n_drain; 0.01888494194; 2.318284453E-14
3; 0; 2; 4000000000; 1; n_drain; 0.001691046163; -1.76568829E-14
3; 0; 3; 6000000000; 1; n_drain; 9.024160999E-05; -9.564011638E-15
3; 0; 4; 8000000000; 1; n_drain; 2.542083571E-06; 2.499736529E-14
3; 1; 0; 0; 0; n_gate; -0.06099999878; 0
3; 1; 1; 2000000000; 0; n_gate; 0.006690425429; 7.098922145E-15
3; 1; 2; 4000000000; 0; n_gate; 1.226634733E-18; 1.226634733E-18
3; 1; 3; 6000000000; 0; n_gate; 4.051901242E-18; -1.033415E-19
3; 1; 4; 8000000000; 0; n_gate; 0; -0
3; 1; 0; 0; 1; n_drain; 0.05124118394; 0
3; 1; 1; 2000000000; 1; n_drain; 0.02126785812; 9.36750677E-17
3; 1; 2; 4000000000; 1; n_drain; 0.002132195784; 2.493664997E-17
3; 1; 3; 6000000000; 1; n_drain; 0.0001274116203; 4.733220109E-18
3; 1; 4; 8000000000; 1; n_drain; 4.009899263E-06; -3.469446952E-18
3; 2; 0; 0; 0; n_gate; -0.06099999878; 0
3; 2; 1; 2000000000; 0; n_gate; 0.007506780798; 7.96498284E-15
3; 2; 2; 4000000000; 0; n_gate; 1.734723476E-18; -1.734723476E-18
3; 2; 3; 6000000000; 0; n_gate; -3.035373439E-19; 1.543770198E-18
3; 2; 4; 8000000000; 0; n_gate; 0; -0
3; 2; 0; 0; 1; n_drain; 0.05179612236; 0
3; 2; 1; 2000000000; 1; n_drain; 0.02397388142; 6.938893904E-17
3; 2; 2; 4000000000; 1; n_drain; 0.002689462144; 2.558717127E-17
3; 2; 3; 6000000000; 1; n_drain; 0.0001798669783; 4.607859233E-18
3; 2; 4; 8000000000; 1; n_drain; 6.317131592E-06; -0
3; 3; 0; 0; 0; n_gate; -0.06099999878; 0
3; 3; 1; 2000000000; 0; n_gate; 0.008422746588; 8.937729029E-15
3; 3; 2; 4000000000; 0; n_gate; 0; 1.734723476E-18
3; 3; 3; 6000000000; 0; n_gate; 3.556882228E-19; 2.801053519E-18
3; 3; 4; 8000000000; 0; n_gate; 0; -0
3; 3; 0; 0; 1; n_drain; 0.05249698616; 0
3; 3; 1; 2000000000; 1; n_drain; 0.02705571255; 9.598224993E-15
3; 3; 2; 4000000000; 1; n_drain; 0.003393981946; -1.767249541E-14
3; 3; 3; 6000000000; 1; n_drain; 0.0002538712532; 2.311571887E-14
3; 3; 4; 8000000000; 1; n_drain; 9.93550981E-06; -2.501818197E-14
3; 4; 0; 0; 0; n_gate; -0.06099999878; 0
3; 4; 1; 2000000000; 0; n_gate; 0.009450477107; 1.003017114E-14
3; 4; 2; 4000000000; 0; n_gate; -1.226634733E-18; -1.226634733E-18
3; 4; 3; 6000000000; 0; n_gate; -4.179093035E-18; -1.364405279E-19
3; 4; 4; 8000000000; 0; n_gate; 0; -0
3; 4; 0; 0; 1; n_drain; 0.05338282056; 0
3; 4; 1; 2000000000; 1; n_drain; 0.03057789785; 9.662409761E-15
3; 4; 2; 4000000000; 1; n_drain; 0.004285544634; 1.769461314E-14
3; 4; 3; 6000000000; 1; n_drain; 0.000358233791; 2.307357051E-14
3; 4; 4; 8000000000; 1; n_drain; 1.559318651E-05; 2.496614027E-14
3; 5; 0; 0; 0; n_gate; -0.06099999878; 0
3; 5; 1; 2000000000; 0; n_gate; 0.01060360972; 1.124968174E-14
3; 5; 2; 4000000000; 0; n_gate; 0; -0
3; 5; 3; 6000000000; 0; n_gate; -2.33990276E-20; -5.269581406E-19
3; 5; 4; 8000000000; 0; n_gate; 0; -0
3; 5; 0; 0; 1; n_drain; 0.0545034704; 0
3; 5; 1; 2000000000; 1; n_drain; 0.03462045085; 5.045269758E-14
3; 5; 2; 4000000000; 1; n_drain; 0.005415141821; -6.034907817E-14
3; 5; 3; 6000000000; 1; n_drain; 0.0005053236861; 3.124803476E-14
3; 5; 4; 8000000000; 1; n_drain; 2.440483979E-05; -2.081668171E-17
3; 6; 0; 0; 0; n_gate; -0.06099999878; 0
3; 6; 1; 2000000000; 0; n_gate; 0.01189744578; 1.262184801E-14
3; 6; 2; 4000000000; 0; n_gate; 0; 2.453269467E-18
3; 6; 3; 6000000000; 0; n_gate; -8.05875087E-19; -1.633870105E-18
3; 6; 4; 8000000000; 0; n_gate; 0; -0
3; 6; 0; 0; 1; n_drain; 0.05592273079; 0
3; 6; 1; 2000000000; 1; n_drain; 0.03928375645; 9.36750677E-17
3; 6; 2; 4000000000; 1; n_drain; 0.006848320095; 4.770489559E-17
3; 6; 3; 6000000000; 1; n_drain; 0.0007124658598; 1.127570259E-17
3; 6; 4; 8000000000; 1; n_drain; 3.805741261E-05; 3.469446952E-18
3; 7; 0; 0; 0; n_gate; -0.06099999878; 0
3; 7; 1; 2000000000; 0; n_gate; 0.01334915373; 1.416314982E-14
3; 7; 2; 4000000000; 0; n_gate; -1.226634733E-18; -1.226634733E-18
3; 7; 3; 6000000000; 0; n_gate; 8.67361738E-19; -8.67361738E-19
3; 7; 4; 8000000000; 0; n_gate; 0; -0
3; 7; 0; 0; 1; n_drain; 0.05772247043; 0
3; 7; 1; 2000000000; 1; n_drain; 0.04469520234; 2.317590564E-14
3; 7; 2; 4000000000; 1; n_drain; 0.008669590285; -1.763693358E-14
3; 7; 3; 6000000000; 1; n_drain; 0.001003839095; -9.553772704E-15
3; 7; 4; 8000000000; 1; n_drain; 5.906278922E-05; 2.501124308E-14
3; 8; 0; 0; 0; n_gate; -0.06099999878; 0
3; 8; 1; 2000000000; 0; n_gate; 0.01497799683; 1.589006704E-14
3; 8; 2; 4000000000; 0; n_gate; 0; -0
3; 8; 3; 6000000000; 0; n_gate; 5.501253668E-19; 1.582998323E-18
3; 8; 4; 8000000000; 0; n_gate; 0; -0
3; 8; 0; 0; 1; n_drain; 0.0600080187; 0
3; 8; 1; 2000000000; 1; n_drain; 0.05101809183; 4.088049343E-14
3; 8; 2; 4000000000; 1; n_drain; 0.01098819761; 7.356528581E-15
3; 8; 3; 6000000000; 1; n_drain; 0.001413004594; 8.098177077E-15
3; 8; 4; 8000000000; 1; n_drain; 9.107313379E-05; 2.501818197E-14
3; 9; 0; 0; 0; n_gate; -0.06099999878; 0
3; 9; 1; 2000000000; 0; n_gate; 0.01680558886; 1.783295733E-14
3; 9; 2; 4000000000; 0; n_gate; -1.226634733E-18; -5.080887426E-19
3; 9; 3; 6000000000; 0; n_gate; 1.839199309E-18; -6.784138046E-20
3; 9; 4; 8000000000; 0; n_gate; 0; -0
3; 9; 0; 0; 1; n_drain; 0.0629151513; 0
3; 9; 1; 2000000000; 1; n_drain; 0.05846347058; 4.8266946E-14
3; 9; 2; 4000000000; 1; n_drain; 0.01394557159; 1.779132397E-14
3; 9; 3; 6000000000; 1; n_drain; 0.001986161552; -3.450305363E-14
3; 9; 4; 8000000000; 1; n_drain; 0.0001392069373; -2.495920137E-14
3; 10; 0; 0; 0; n_gate; -0.06099999878; 0
3; 10; 1; 2000000000; 0; n_gate; 0.01885618083; 2.000656585E-14
3; 10; 2; 4000000000; 0; n_gate; 2.961358209E-18; -1.226634733E-18
3; 10; 3; 6000000000; 0; n_gate; 7.34411245E-19; 6.68387264E-19
3; 10; 4; 8000000000; 0; n_gate; 0; -0
3; 10; 0; 0; 1; n_drain; 0.06661899033; 0
3; 10; 1; 2000000000; 1; n_drain; 0.06730544847; 7.550904346E-14
3; 10; 2; 4000000000; 1; n_drain; 0.01772467073; 6.042041867E-14
3; 10; 3; 6000000000; 1; n_drain; 0.002786089142; 6.191770187E-15
3; 10; 4; 8000000000; 1; n_drain; 0.0002102124539; -1.387778781E-17
4; -50; 0; 0; 0; n_gate; -0.06099999878; 0
4; -50; 1; 2000000000; 0; n_gate; 1.885618083E-05; 2.070656743E-17
4; -50; 2; 4000000000; 0; n_gate; 0; -0
4; -50; 3; 6000000000; 0; n_gate; -1.255898001E-18; -3.516113706E-19
4; -50; 4; 8000000000; 0; n_gate; 0; -0
4; -50; 0; 0; 1; n_drain; 0.04911305043; 0
4; -50; 1; 2000000000; 1; n_drain; 5.886973569E-05; -1.070566437E-08
4; -50; 2; 4000000000; 1; n_drain; 1.681224495E-08; -6.4144461E-12
4; -50; 3; 6000000000; 1; n_drain; 2.871617815E-12; -1.166705454E-14
4; -50; 4; 8000000000; 1; n_drain; 2.49834875E-14; -2.499042639E-14
4; -20; 0; 0; 0; n_gate; -0.06099999878; 0
4; -20; 1; 2000000000; 0; n_gate; 0.000596284794; 6.328488081E-16
4; -20; 2; 4000000000; 0; n_gate; 0; -0
4; -20; 3; 6000000000; 0; n_gate; 7.611569041E-19; 2.042333981E-18
4; -20; 4; 8000000000; 0; n_gate; 0; -0
4; -20; 0; 0; 1; n_drain; 0.04912984637; 0
4; -20; 1; 2000000000; 1; n_drain; 0.001861895609; -3.386494536E-07
4; -20; 2; 4000000000; 1; n_drain; 1.681320722E-05; -6.319333953E-09
4; -20; 3; 6000000000; 1; n_drain; 9.04252074E-08; -5.608490323E-11
4; -20; 4; 8000000000; 1; n_drain; 2.589697554E-10; -3.235745005E-13
4; -19; 0; 0; 0; n_gate; -0.06099999878; 0
4; -19; 1; 2000000000; 0; n_gate; 0.0006690425429; 7.087429602E-16
4; -19; 2; 4000000000; 0; n_gate; 0; -0
4; -19; 3; 6000000000; 0; n_gate; 2.782939092E-19; 2.771458602E-19
4; -19; 4; 8000000000; 0; n_gate; 0; -0
4; -19; 0; 0; 1; n_drain; 0.04913419987; 0
4; -19; 1; 2000000000; 1; n_drain; 0.002089160071; -3.799993243E-07
4; -19; 2; 4000000000; 1; n_drain; 2.116690969E-05; -7.95594555E-09
4; -19; 3; 6000000000; 1; n_drain; 1.27728426E-07; -7.920800813E-11
4; -19; 4; 8000000000; 1; n_drain; 4.103828041E-10; -4.260203301E-13
4; -18; 0; 0; 0; n_gate; -0.06099999878; 0
4; -18; 1; 2000000000; 0; n_gate; 0.0007506780798; 7.968885968E-16
4; -18; 2; 4000000000; 0; n_gate; 0; -0
4; -18; 3; 6000000000; 0; n_gate; -7.041909398E-20; 5.665715797E-19
4; -18; 4; 8000000000; 0; n_gate; 0; -0
4; -18; 0; 0; 1; n_drain; 0.04913968075; 0
4; -18; 1; 2000000000; 1; n_drain; 0.002344187519; -4.264088318E-07
4; -18; 2; 4000000000; 1; n_drain; 2.664809662E-05; -1.00167316E-08
4; -18; 3; 6000000000; 1; n_drain; 1.804202939E-07; -1.118763172E-10
4; -18; 4; 8000000000; 1; n_drain; 6.503832091E-10; -7.363380738E-13
4; -17; 0; 0; 0; n_gate; -0.06099999878; 0
4; -17; 1; 2000000000; 0; n_gate; 0.0008422746588; 8.944125822E-16
4; -17; 2; 4000000000; 0; n_gate; 0; -0
4; -17; 3; 6000000000; 0; n_gate; -5.489941186E-19; -1.314670794E-18
4; -17; 4; 8000000000; 0; n_gate; 0; -0
4; -17; 0; 0; 1; n_drain; 0.04914658101; 0
4; -17; 1; 2000000000; 1; n_drain; 0.002630378963; -4.78498765E-07
4; -17; 2; 4000000000; 1; n_drain; 3.354881566E-05; -1.261151811E-08
4; -17; 3; 6000000000; 1; n_drain; 2.54848875E-07; -1.580165272E-10
4; -17; 4; 8000000000; 1; n_drain; 1.030751345E-09; -1.178938891E-12
4; -16; 0; 0; 0; n_gate; -0.06099999878; 0
4; -16; 1; 2000000000; 0; n_gate; 0.0009450477107; 1.001640177E-15
4; -16; 2; 4000000000; 0; n_gate; 0; -0
4; -16; 3; 6000000000; 0; n_gate; -1.089630686E-18; -4.108361181E-19
4; -16; 4; 8000000000; 0; n_gate; 0; -0
4; -16; 0; 0; 1; n_drain; 0.04915526829; 0
4; -16; 1; 2000000000; 1; n_drain; 0.002951555938; -5.369695136E-07
4; -16; 2; 4000000000; 1; n_drain; 4.22368031E-05; -1.587882717E-08
4; -16; 3; 6000000000; 1; n_drain; 3.599807573E-07; -2.232320516E-10
4; -16; 4; 8000000000; 1; n_drain; 1.633497157E-09; -1.85834681E-12
4; -15; 0; 0; 0; n_gate; -0.06099999878; 0
4; -15; 1; 2000000000; 0; n_gate; 0.001060360972; 1.1277871E-15
4; -15; 2; 4000000000; 0; n_gate; 0; -0
4; -15; 3; 6000000000; 0; n_gate; -2.263113581E-18; 4.204432955E-19
4; -15; 4; 8000000000; 0; n_gate; 0; -0
4; -15; 0; 0; 1; n_drain; 0.04916620552; 0
4; -15; 1; 2000000000; 1; n_drain; 0.003312014094; -6.02609852E-07
4; -15; 2; 4000000000; 1; n_drain; 5.317511841E-05; -1.999330333E-08
4; -15; 3; 6000000000; 1; n_drain; 5.084813294E-07; -3.153283199E-10
4; -15; 4; 8000000000; 1; n_drain; 2.58860432E-09; -2.955618389E-12
4; -14; 0; 0; 0; n_gate; -0.06099999878; 0
4; -14; 1; 2000000000; 0; n_gate; 0.001189744578; 1.26244501E-15
4; -14; 2; 4000000000; 0; n_gate; 0; -0
4; -14; 3; 6000000000; 0; n_gate; -4.241465413E-19; -5.16869648E-19
4; -14; 4; 8000000000; 0; n_gate; 0; -0
4; -14; 0; 0; 1; n_drain; 0.04917997562; 0
4; -14; 1; 2000000000; 1; n_drain; 0.0037165843; -6.763220346E-07
4; -14; 2; 4000000000; 1; n_drain; 6.69468978E-05; -2.517537201E-08
4; -14; 3; 6000000000; 1; n_drain; 7.182403182E-07; -4.454902943E-10
4; -14; 4; 8000000000; 1; n_drain; 4.102095823E-09; -4.623565419E-12
4; -13; 0; 0; 0; n_gate; -0.06099999878; 0
4; -13; 1; 2000000000; 0; n_gate; 0.001334915373; 1.415751197E-15
4; -13; 2; 4000000000; 0; n_gate; 0; -0
4; -13; 3; 6000000000; 0; n_gate; 1.131710233E-18; -1.705476234E-18
4; -13; 4; 8000000000; 0; n_gate; 0; -0
4; -13; 0; 0; 1; n_drain; 0.04919731263; 0
4; -13; 1; 2000000000; 1; n_drain; 0.004170702396; -7.590893437E-07
4; -13; 2; 4000000000; 1; n_drain; 8.428650904E-05; -3.170157588E-08
4; -13; 3; 6000000000; 1; n_drain; 1.014525452E-06; -6.294296168E-10
4; -13; 4; 8000000000; 1; n_drain; 6.500180484E-09; -7.365424243E-12
4; -12; 0; 0; 0; n_gate; -0.06099999878; 0
4; -12; 1; 2000000000; 0; n_gate; 0.001497799683; 1.591175108E-15
4; -12; 2; 4000000000; 0; n_gate; 0; -0
4; -12; 3; 6000000000; 0; n_gate; -2.032855001E-18; -1.661680757E-18
4; -12; 4; 8000000000; 0; n_gate; 0; -0
4; -12; 0; 0; 1; n_drain; 0.04921914098; 0
4; -12; 1; 2000000000; 1; n_drain; 0.004680489601; -8.520563454E-07
4; -12; 2; 4000000000; 1; n_drain; 0.0001061189181; -3.992225576E-08
4; -12; 3; 6000000000; 1; n_drain; 1.433026928E-06; -8.892493039E-10
4; -12; 4; 8000000000; 1; n_drain; 1.029970567E-08; -1.171871281E-11
4; -11; 0; 0; 0; n_gate; -0.06099999878; 0
4; -11; 1; 2000000000; 0; n_gate; 0.001680558886; 1.783620994E-15
4; -11; 2; 4000000000; 0; n_gate; 1.226634733E-18; -1.226634733E-18
4; -11; 3; 6000000000; 0; n_gate; 3.012883599E-18; -2.783293047E-18
4; -11; 4; 8000000000; 0; n_gate; 0; -0
4; -11; 0; 0; 1; n_drain; 0.04924662497; 0
4; -11; 1; 2000000000; 1; n_drain; 0.005252845124; -9.565091155E-07
4; -11; 2; 4000000000; 1; n_drain; 0.000133609254; -5.027857882E-08
4; -11; 3; 6000000000; 1; n_drain; 2.024153713E-06; -1.256480661E-09
4; -11; 4; 8000000000; 1; n_drain; 1.631923832E-08; -1.859255111E-11
4; -10; 0; 0; 0; n_gate; -0.06099999878; 0
4; -10; 1; 2000000000; 0; n_gate; 0.001885618083; 2.00100353E-15
4; -10; 2; 4000000000; 0; n_gate; 0; -0
4; -10; 3; 6000000000; 0; n_gate; -4.297265555E-21; 2.025895755E-18
4; -10; 4; 8000000000; 0; n_gate; 0; -0
4; -10; 0; 0; 1; n_drain; 0.04928123116; 0
4; -10; 1; 2000000000; 1; n_drain; 0.005895553947; -1.073907819E-06
4; -10; 2; 4000000000; 1; n_drain; 0.0001682253954; -6.332776989E-08
4; -10; 3; 6000000000; 1; n_drain; 2.859102932E-06; -1.775548839E-09
4; -10; 4; 8000000000; 1; n_drain; 2.585485321E-08; -2.945007085E-11
4; -9; 0; 0; 0; n_gate; -0.06099999878; 0
4; -9; 1; 2000000000; 0; n_gate; 0.002115698287; 2.244298497E-15
4; -9; 2; 4000000000; 0; n_gate; 0; -0
4; -9; 3; 6000000000; 0; n_gate; -4.641300304E-20; -8.567965567E-19
4; -9; 4; 8000000000; 0; n_gate; 0; -0
4; -9; 0; 0; 1; n_drain; 0.04932480712; 0
4; -9; 1; 2000000000; 1; n_drain; 0.006617413028; -1.205915097E-06
4; -9; 2; 4000000000; 1; n_drain; 0.0002118169826; -7.977374017E-08
4; -9; 3; 6000000000; 1; n_drain; 4.038429461E-06; -2.509202624E-09
4; -9; 4; 8000000000; 1; n_drain; 4.095845379E-08; -4.668202283E-11
4; -8; 0; 0; 0; n_gate; -0.06099999878; 0
4; -8; 1; 2000000000; 0; n_gate; 0.002373852522; 2.515782721E-15
4; -8; 2; 4000000000; 0; n_gate; 0; -0
4; -8; 3; 6000000000; 0; n_gate; 3.354152377E-18; -1.111262937E-18
4; -8; 4; 8000000000; 0; n_gate; 0; -0
4; -8; 0; 0; 1; n_drain; 0.04937968081; 0
4; -8; 1; 2000000000; 1; n_drain; 0.00742838036; -1.354430874E-06
4; -8; 2; 4000000000; 1; n_drain; 0.0002667152492; -1.005066176E-07
4; -8; 3; 6000000000; 1; n_drain; 5.704145999E-06; -3.546454089E-09
4; -8; 4; 8000000000; 1; n_drain; 6.487730067E-08; -7.404908284E-11
4; -7; 0; 0; 0; n_gate; -0.06099999878; 0
4; -7; 1; 2000000000; 0; n_gate; 0.002663506337; 2.826081383E-15
4; -7; 2; 4000000000; 0; n_gate; 1.734723476E-18; -0
4; -7; 3; 6000000000; 0; n_gate; -1.043733068E-18; -1.009600186E-19
4; -7; 4; 8000000000; 0; n_gate; 0; -0
4; -7; 0; 0; 1; n_drain; 0.04944878612; 0
4; -7; 1; 2000000000; 1; n_drain; 0.008339752766; -1.521635446E-06
4; -7; 2; 4000000000; 1; n_drain; 0.0003358592761; -1.266530886E-07
4; -7; 3; 6000000000; 1; n_drain; 8.056807187E-06; -5.013289553E-09
4; -7; 4; 8000000000; 1; n_drain; 1.027489586E-07; -1.173557675E-10
4; -6; 0; 0; 0; n_gate; -0.06099999878; 0
4; -6; 1; 2000000000; 0; n_gate; 0.002988503263; 3.172592397E-15
4; -6; 2; 4000000000; 0; n_gate; 1.734723476E-18; -0
4; -6; 3; 6000000000; 0; n_gate; -1.147976163E-18; 2.026322177E-18
4; -6; 4; 8000000000; 0; n_gate; 0; -0
4; -6; 0; 0; 1; n_drain; 0.04953582164; 0
4; -6; 1; 2000000000; 1; n_drain; 0.009364380263; -1.710044119E-06
4; -6; 2; 4000000000; 1; n_drain; 0.0004229558345; -1.596413748E-07
4; -6; 3; 6000000000; 1; n_drain; 1.137962451E-05; -7.088164632E-09
4; -6; 4; 8000000000; 1; n_drain; 1.626970337E-07; -1.860958089E-10
4; -5; 0; 0; 0; n_gate; -0.06099999878; 0
4; -5; 1; 2000000000; 0; n_gate; 0.003353155812; 3.559435732E-15
4; -5; 2; 4000000000; 0; n_gate; 0; -0
4; -5; 3; 6000000000; 0; n_gate; -1.566943593E-18; 2.525723555E-19
4; -5; 4; 8000000000; 0; n_gate; 0; -0
4; -5; 0; 0; 1; n_drain; 0.04964545156; 0
4; -5; 1; 2000000000; 1; n_drain; 0.01051692757; -1.922576802E-06
4; -5; 2; 4000000000; 1; n_drain; 0.0005326820398; -2.012851404E-07
4; -5; 3; 6000000000; 1; n_drain; 1.607250155E-05; -1.002417597E-08
4; -5; 4; 8000000000; 1; n_drain; 2.575595797E-07; -2.952077818E-10
4; -4; 0; 0; 0; n_gate; -0.06099999878; 0
4; -4; 1; 2000000000; 0; n_gate; 0.003762302702; 3.994851325E-15
4; -4; 2; 4000000000; 0; n_gate; 0; -0
4; -4; 3; 6000000000; 0; n_gate; -1.536883334E-18; -1.867899602E-18
4; -4; 4; 8000000000; 0; n_gate; 0; -0
4; -4; 0; 0; 1; n_drain; 0.0497835603; 0
4; -4; 1; 2000000000; 1; n_drain; 0.01181419716; -2.162648087E-06
4; -4; 2; 4000000000; 1; n_drain; 0.000670942709; -2.538922754E-07
4; -4; 3; 6000000000; 1; n_drain; 2.270005822E-05; -1.41807472E-08
4; -4; 4; 8000000000; 1; n_drain; 4.076096845E-07; -4.68368979E-10
4; -3; 0; 0; 0; n_gate; -0.06099999878; 0
4; -3; 1; 2000000000; 0; n_gate; 0.004221373062; 4.477971813E-15
4; -3; 2; 4000000000; 0; n_gate; 1.734723476E-18; 1.734723476E-18
4; -3; 3; 6000000000; 0; n_gate; -2.49852425E-19; -2.677183855E-19
4; -3; 4; 8000000000; 0; n_gate; 0; -0
4; -3; 0; 0; 1; n_drain; 0.04995757569; 0
4; -3; 1; 2000000000; 1; n_drain; 0.01327553344; -2.434285939E-06
4; -3; 2; 4000000000; 1; n_drain; 0.0008451978625; -3.204075445E-07
4; -3; 3; 6000000000; 1; n_drain; 3.205936934E-05; -2.006849222E-08
4; -3; 4; 8000000000; 1; n_drain; 6.448293465E-07; -7.431868523E-10
4; -2; 0; 0; 0; n_gate; -0.06099999878; 0
4; -2; 1; 2000000000; 0; n_gate; 0.004736458478; 5.025927591E-15
4; -2; 2; 4000000000; 0; n_gate; 1.226634733E-18; 1.226634733E-18
4; -2; 3; 6000000000; 0; n_gate; 1.188947156E-18; -4.152042236E-19
4; -2; 4; 8000000000; 0; n_gate; 0; -0
4; -2; 0; 0; 1; n_drain; 0.05017687999; 0
4; -2; 1; 2000000000; 1; n_drain; 0.01492333517; -2.742289386E-06
4; -2; 2; 4000000000; 1; n_drain; 0.001064880512; -4.046004426E-07
4; -2; 3; 6000000000; 1; n_drain; 4.527547087E-05; -2.841445674E-08
4; -2; 4; 8000000000; 1; n_drain; 1.019610359E-06; -1.179706728E-09
4; -1; 0; 0; 0; n_gate; -0.06099999878; 0
4; -1; 1; 2000000000; 0; n_gate; 0.00531439382; 5.638718659E-15
4; -1; 2; 4000000000; 0; n_gate; 4.187992943E-18; -0
4; -1; 3; 6000000000; 0; n_gate; -3.791307691E-19; 7.045042372E-19
4; -1; 4; 8000000000; 0; n_gate; 0; -0
4; -1; 0; 0; 1; n_drain; 0.05045333384; 0
4; -1; 1; 2000000000; 1; n_drain; 0.01678371321; -3.092440994E-06
4; -1; 2; 4000000000; 1; n_drain; 0.001341931187; -5.113154731E-07
4; -1; 3; 6000000000; 1; n_drain; 6.393593197E-05; -4.02555E-08
4; -1; 4; 8000000000; 1; n_drain; 1.611224025E-06; -1.873272325E-09
4; 0; 0; 0; 0; n_gate; -0.06099999878; 0
4; 0; 1; 2000000000; 0; n_gate; 0.00596284794; 6.327403879E-15
4; 0; 2; 4000000000; 0; n_gate; 1.226634733E-18; -5.080887426E-19
4; 0; 3; 6000000000; 0; n_gate; -7.94912069E-20; -1.575647856E-18
4; 0; 4; 8000000000; 0; n_gate; 0; -0
4; 0; 0; 0; 1; n_drain; 0.05080194591; 0
4; 0; 1; 2000000000; 1; n_drain; 0.01888734519; -3.491796915E-06
4; 0; 2; 4000000000; 1; n_drain; 0.001691484153; -6.468091955E-07
4; 0; 3; 6000000000; 1; n_drain; 9.028031367E-05; -5.707406891E-08
4; 0; 4; 8000000000; 1; n_drain; 2.544115976E-06; -2.976106417E-09
4; 1; 0; 0; 0; n_gate; -0.06099999878; 0
4; 1; 1; 2000000000; 0; n_gate; 0.006690425429; 7.098922145E-15
4; 1; 2; 4000000000; 0; n_gate; 1.226634733E-18; 1.226634733E-18
4; 1; 3; 6000000000; 0; n_gate; 4.051901242E-18; -1.033415E-19
4; 1; 4; 8000000000; 0; n_gate; 0; -0
4; 1; 0; 0; 1; n_drain; 0.0512417316; 0
4; 1; 1; 2000000000; 1; n_drain; 0.02127059813; -3.949086582E-06
4; 1; 2; 4000000000; 1; n_drain; 0.002132751821; -8.192086849E-07
4; 1; 3; 6000000000; 1; n_drain; 0.0001274665878; -8.099557763E-08
4; 1; 4; 8000000000; 1; n_drain; 4.013129785E-06; -4.730996497E-09
4; 2; 0; 0; 0; n_gate; -0.06099999878; 0
4; 2; 1; 2000000000; 0; n_gate; 0.007506780798; 7.96498284E-15
4; 2; 2; 4000000000; 0; n_gate; 1.734723476E-18; -1.734723476E-18
4; 2; 3; 6000000000; 0; n_gate; -3.035373439E-19; 1.543770198E-18
4; 2; 4; 8000000000; 0; n_gate; 0; -0
4; 2; 0; 0; 1; n_drain; 0.05179681807; 0
4; 2; 1; 2000000000; 1; n_drain; 0.02397701773; -4.475269301E-06
4; 2; 2; 4000000000; 1; n_drain; 0.002690169536; -1.039145052E-06
4; 2; 3; 6000000000; 1; n_drain; 0.0001799451498; -1.150781172E-07
4; 2; 4; 8000000000; 1; n_drain; 6.322270086E-06; -7.526301811E-09
4; 3; 0; 0; 0; n_gate; -0.06099999878; 0
4; 3; 1; 2000000000; 0; n_gate; 0.008422746588; 8.937729029E-15
4; 3; 2; 4000000000; 0; n_gate; 0; 1.734723476E-18
4; 3; 3; 6000000000; 0; n_gate; 3.556882228E-19; 2.801053519E-18
4; 3; 4; 8000000000; 0; n_gate; 0; -0
4; 3; 0; 0; 1; n_drain; 0.05249787194; 0
4; 3; 1; 2000000000; 1; n_drain; 0.02705931998; -5.084318234E-06
4; 3; 2; 4000000000; 1; n_drain; 0.003394884249; -1.32063941E-06
4; 3; 3; 6000000000; 1; n_drain; 0.0002539826109; -1.637407682E-07
4; 3; 4; 8000000000; 1; n_drain; 9.943689856E-06; -1.198415014E-08
4; 4; 0; 0; 0; n_gate; -0.06099999878; 0
4; 4; 1; 2000000000; 0; n_gate; 0.009450477107; 1.003017114E-14
4; 4; 2; 4000000000; 0; n_gate; -1.226634733E-18; -1.226634733E-18
4; 4; 3; 6000000000; 0; n_gate; -4.179093035E-18; -1.364405279E-19
4; 4; 4; 8000000000; 0; n_gate; 0; -0
4; 4; 0; 0; 1; n_drain; 0.05338395153; 0
4; 4; 1; 2000000000; 1; n_drain; 0.03058207193; -5.794334063E-06
4; 4; 2; 4000000000; 1; n_drain; 0.004286699289; -1.68236129E-06
4; 4; 3; 6000000000; 1; n_drain; 0.0003583927527; -2.334016592E-07
4; 4; 4; 8000000000; 1; n_drain; 1.560622217E-05; -1.910357657E-08
4; 5; 0; 0; 0; n_gate; -0.06099999878; 0
4; 5; 1; 2000000000; 0; n_gate; 0.01060360972; 1.124968174E-14
4; 5; 2; 4000000000; 0; n_gate; 0; -0
4; 5; 3; 6000000000; 0; n_gate; -2.33990276E-20; -5.269581406E-19
4; 5; 4; 8000000000; 0; n_gate; 0; -0
4; 5; 0; 0; 1; n_drain; 0.05450491942; 0
4; 5; 1; 2000000000; 1; n_drain; 0.03462531566; -6.629143577E-06
4; 5; 2; 4000000000; 1; n_drain; 0.005416625311; -2.149443111E-06
4; 5; 3; 6000000000; 1; n_drain; 0.0005055511788; -3.334387237E-07
4; 5; 4; 8000000000; 1; n_drain; 2.442563857E-05; -3.049358313E-08
4; 6; 0; 0; 0; n_gate; -0.06099999878; 0
4; 6; 1; 2000000000; 0; n_gate; 0.01189744578; 1.262184801E-14
4; 6; 2; 4000000000; 0; n_gate; 0; 2.453269467E-18
4; 6; 3; 6000000000; 0; n_gate; -8.05875087E-19; -1.633870105E-18
4; 6; 4; 8000000000; 0; n_gate; 0; -0
4; 6; 0; 0; 1; n_drain; 0.05592459523; 0
4; 6; 1; 2000000000; 1; n_drain; 0.03928947602; -7.620615574E-06
4; 6; 2; 4000000000; 1; n_drain; 0.006850235404; -2.756132977E-06
4; 6; 3; 6000000000; 1; n_drain; 0.0007127924361; -4.776505174E-07
4; 6; 4; 8000000000; 1; n_drain; 3.809064451E-05; -4.875302149E-08
4; 7; 0; 0; 0; n_gate; -0.06099999878; 0
4; 7; 1; 2000000000; 0; n_gate; 0.01334915373; 1.416314982E-14
4; 7; 2; 4000000000; 0; n_gate; -1.226634733E-18; -1.226634733E-18
4; 7; 3; 6000000000; 0; n_gate; 8.67361738E-19; -8.67361738E-19
4; 7; 4; 8000000000; 0; n_gate; 0; -0
4; 7; 0; 0; 1; n_drain; 0.05772488191; 0
4; 7; 1; 2000000000; 1; n_drain; 0.04470199735; -8.812046994E-06
4; 7; 2; 4000000000; 1; n_drain; 0.00867207783; -3.549730395E-06
4; 7; 3; 6000000000; 1; n_drain; 0.001004309659; -6.865006629E-07
4; 7; 4; 8000000000; 1; n_drain; 5.911597174E-05; -7.809404738E-08
4; 8; 0; 0; 0; n_gate; -0.06099999878; 0
4; 8; 1; 2000000000; 0; n_gate; 0.01497799683; 1.589353649E-14
4; 8; 2; 4000000000; 0; n_gate; -1.226634733E-18; 1.226634733E-18
4; 8; 3; 6000000000; 0; n_gate; -1.96705809E-19; 3.60284871E-18
4; 8; 4; 8000000000; 0; n_gate; 0; -0
4; 8; 0; 0; 1; n_drain; 0.06001115739; 0
4; 8; 1; 2000000000; 1; n_drain; 0.05102626449; -1.02631569E-05
4; 8; 2; 4000000000; 1; n_drain; 0.01099145151; -4.596496387E-06
4; 8; 3; 6000000000; 1; n_drain; 0.001413685639; -9.906024134E-07
4; 8; 4; 8000000000; 1; n_drain; 9.115839112E-05; -1.25366138E-07
4; 9; 0; 0; 0; n_gate; -0.06099999878; 0
4; 9; 1; 2000000000; 0; n_gate; 0.01680558886; 1.783295733E-14
4; 9; 2; 4000000000; 0; n_gate; -1.226634733E-18; -5.080887426E-19
4; 9; 3; 6000000000; 0; n_gate; 1.839199309E-18; -6.784138046E-20
4; 9; 4; 8000000000; 0; n_gate; 0; -0
4; 9; 0; 0; 1; n_drain; 0.06291926737; 0
4; 9; 1; 2000000000; 1; n_drain; 0.05847344185; -1.205750363E-05
4; 9; 2; 4000000000; 1; n_drain; 0.0139498642; -5.990619589E-06
4; 9; 3; 6000000000; 1; n_drain; 0.001987152326; -1.4361733E-06
4; 9; 4; 8000000000; 1; n_drain; 0.0001393438501; -2.017391661E-07
4; 10; 0; 0; 0; n_gate; -0.06099999878; 0
4; 10; 1; 2000000000; 0; n_gate; 0.01885618083; 2.000656585E-14
4; 10; 2; 4000000000; 0; n_gate; 2.961358209E-18; -1.226634733E-18
4; 10; 3; 6000000000; 0; n_gate; 7.34411245E-19; 6.68387264E-19
4; 10; 4; 8000000000; 0; n_gate; 0; -0
4; 10; 0; 0; 1; n_drain; 0.06662443615; 0
4; 10; 1; 2000000000; 1; n_drain; 0.06731781457; -1.431355211E-05
4; 10; 2; 4000000000; 1; n_drain; 0.01773038993; -7.867910376E-06
4; 10; 3; 6000000000; 1; n_drain; 0.002787538985; -2.093621293E-06
4; 10; 4; 8000000000; 1; n_drain; 0.0002104326417; -3.254596195E-07
5; -50; 0; 0; 0; n_gate; -0.06099999878; 0
5; -50; 1; 2000000000; 0; n_gate; 1.885618083E-05; 1.830268792E-17
5; -50; 2; 4000000000; 0; n_gate; 0; -0
5; -50; 3; 6000000000; 0; n_gate; -1.924931006E-18; 6.440571645E-19
5; -50; 4; 8000000000; 0; n_gate; 0; -0
5; -50; 0; 0; 1; n_drain; 0.04911305045; 0
5; -50; 1; 2000000000; 1; n_drain; 5.890901879E-05; -0
5; -50; 2; 4000000000; 1; n_drain; 1.683561542E-08; -0
5; -50; 3; 6000000000; 1; n_drain; 2.89425558E-12; 8.728201413E-22
5; -50; 4; 8000000000; 1; n_drain; 4.997044445E-14; -0
5; -20; 0; 0; 0; n_gate; -0.06099999878; 0
5; -20; 1; 2000000000; 0; n_gate; 0.000596284794; 6.328488081E-16
5; -20; 2; 4000000000; 0; n_gate; 0; -0
5; -20; 3; 6000000000; 0; n_gate; 7.611569041E-19; 2.042333981E-18
5; -20; 4; 8000000000; 0; n_gate; 0; -0
5; -20; 0; 0; 1; n_drain; 0.04912986931; 0
5; -20; 1; 2000000000; 1; n_drain; 0.001863138609; 2.50017021E-14
5; -20; 2; 4000000000; 1; n_drain; 1.683611158E-05; 1.226503708E-18
5; -20; 3; 6000000000; 1; n_drain; 9.062544462E-08; -2.499231674E-14
5; -20; 4; 8000000000; 1; n_drain; 2.599905777E-10; -3.469446952E-18
5; -19; 0; 0; 0; n_gate; -0.06099999878; 0
5; -19; 1; 2000000000; 0; n_gate; 0.0006690425429; 7.087429602E-16
5; -19; 2; 4000000000; 0; n_gate; 0; -0
5; -19; 3; 6000000000; 0; n_gate; 2.782939092E-19; 2.771458602E-19
5; -19; 4; 8000000000; 0; n_gate; 0; -0
5; -19; 0; 0; 1; n_drain; 0.04913422875; 0
5; -19; 1; 2000000000; 1; n_drain; 0.002090554958; 2.293998325E-14
5; -19; 2; 4000000000; 1; n_drain; 2.119574678E-05; -1.767927676E-14
5; -19; 3; 6000000000; 1; n_drain; 1.280112873E-07; -9.563935349E-15
5; -19; 4; 8000000000; 1; n_drain; 4.120316623E-10; 2.499389584E-14
5; -18; 0; 0; 0; n_gate; -0.06099999878; 0
5; -18; 1; 2000000000; 0; n_gate; 0.0007506780798; 7.962380755E-16
5; -18; 2; 4000000000; 0; n_gate; 0; -0
5; -18; 3; 6000000000; 0; n_gate; 5.9343084E-19; -1.036103934E-18
5; -18; 4; 8000000000; 0; n_gate; 0; -0
5; -18; 0; 0; 1; n_drain; 0.04913971712; 0
5; -18; 1; 2000000000; 1; n_drain; 0.002345752928; -1.402957611E-16
5; -18; 2; 4000000000; 1; n_drain; 2.668440421E-05; -3.679511123E-18
5; -18; 3; 6000000000; 1; n_drain; 1.808198647E-07; -1.963726774E-18
5; -18; 4; 8000000000; 1; n_drain; 6.529883231E-10; -0
5; -17; 0; 0; 0; n_gate; -0.06099999878; 0
5; -17; 1; 2000000000; 0; n_gate; 0.0008422746588; 8.944125822E-16
5; -17; 2; 4000000000; 0; n_gate; 0; -0
5; -17; 3; 6000000000; 0; n_gate; -5.489941186E-19; -1.314670794E-18
5; -17; 4; 8000000000; 0; n_gate; 0; -0
5; -17; 0; 0; 1; n_drain; 0.0491466268; 0
5; -17; 1; 2000000000; 1; n_drain; 0.002632135832; 1.040834086E-17
5; -17; 2; 4000000000; 1; n_drain; 3.359453013E-05; -2.961227184E-18
5; -17; 3; 6000000000; 1; n_drain; 2.554133289E-07; -3.415130964E-19
5; -17; 4; 8000000000; 1; n_drain; 1.03486382E-09; -0
5; -16; 0; 0; 0; n_gate; -0.06099999878; 0
5; -16; 1; 2000000000; 0; n_gate; 0.0009450477107; 1.001640177E-15
5; -16; 2; 4000000000; 0; n_gate; 0; -0
5; -16; 3; 6000000000; 0; n_gate; -1.089630686E-18; -4.108361181E-19
5; -16; 4; 8000000000; 0; n_gate; 0; -0
5; -16; 0; 0; 1; n_drain; 0.04915532594; 0
5; -16; 1; 2000000000; 1; n_drain; 0.002953527815; 9.974659987E-18
5; -16; 2; 4000000000; 1; n_drain; 4.229436366E-05; -5.082197684E-19
5; -16; 3; 6000000000; 1; n_drain; 3.607781811E-07; -1.148973723E-18
5; -16; 4; 8000000000; 1; n_drain; 1.64002037E-09; -0
5; -15; 0; 0; 0; n_gate; -0.06099999878; 0
5; -15; 1; 2000000000; 0; n_gate; 0.001060360972; 1.1277871E-15
5; -15; 2; 4000000000; 0; n_gate; 0; -0
5; -15; 3; 6000000000; 0; n_gate; -2.263113581E-18; 4.204432955E-19
5; -15; 4; 8000000000; 0; n_gate; 0; -0
5; -15; 0; 0; 1; n_drain; 0.04916627812; 0
5; -15; 1; 2000000000; 1; n_drain; 0.003314227476; 1.25767452E-17
5; -15; 2; 4000000000; 1; n_drain; 5.324759799E-05; -0
5; -15; 3; 6000000000; 1; n_drain; 5.096077865E-07; -1.868250279E-18
5; -15; 4; 8000000000; 1; n_drain; 2.598893198E-09; -0
5; -14; 0; 0; 0; n_gate; -0.06099999878; 0
5; -14; 1; 2000000000; 0; n_gate; 0.001189744578; 1.26244501E-15
5; -14; 2; 4000000000; 0; n_gate; 0; -0
5; -14; 3; 6000000000; 0; n_gate; -4.241465413E-19; -5.16869648E-19
5; -14; 4; 8000000000; 0; n_gate; 0; -0
5; -14; 0; 0; 1; n_drain; 0.04918006703; 0
5; -14; 1; 2000000000; 1; n_drain; 0.003719069076; 1.769786574E-14
5; -14; 2; 4000000000; 1; n_drain; 6.703816948E-05; -2.500256946E-14
5; -14; 3; 6000000000; 1; n_drain; 7.198317712E-07; 1.767771205E-14
5; -14; 4; 8000000000; 1; n_drain; 4.118391534E-09; -0
5; -13; 0; 0; 0; n_gate; -0.06099999878; 0
5; -13; 1; 2000000000; 0; n_gate; 0.001334915373; 1.415751197E-15
5; -13; 2; 4000000000; 0; n_gate; 0; -0
5; -13; 3; 6000000000; 0; n_gate; 1.131710233E-18; -1.705476234E-18
5; -13; 4; 8000000000; 0; n_gate; 0; -0
5; -13; 0; 0; 1; n_drain; 0.04919742774; 0
5; -13; 1; 2000000000; 1; n_drain; 0.004173492173; 1.95156391E-17
5; -13; 2; 4000000000; 1; n_drain; 8.440145148E-05; 2.961227184E-18
5; -13; 3; 6000000000; 1; n_drain; 1.016773963E-06; 1.953681493E-18
5; -13; 4; 8000000000; 1; n_drain; 6.526071336E-09; -0
5; -12; 0; 0; 0; n_gate; -0.06099999878; 0
5; -12; 1; 2000000000; 0; n_gate; 0.001497799683; 1.591175108E-15
5; -12; 2; 4000000000; 0; n_gate; 0; -0
5; -12; 3; 6000000000; 0; n_gate; -2.032855001E-18; -1.661680757E-18
5; -12; 4; 8000000000; 0; n_gate; 0; -0
5; -12; 0; 0; 1; n_drain; 0.04921928595; 0
5; -12; 1; 2000000000; 1; n_drain; 0.004683622341; 2.294258533E-14
5; -12; 2; 4000000000; 1; n_drain; 0.0001062636827; 1.766303575E-14
5; -12; 3; 6000000000; 1; n_drain; 1.436203853E-06; -9.561080904E-15
5; -12; 4; 8000000000; 1; n_drain; 1.034066062E-08; -2.49834875E-14
5; -11; 0; 0; 0; n_gate; -0.06099999878; 0
5; -11; 1; 2000000000; 0; n_gate; 0.001680558886; 1.783620994E-15
5; -11; 2; 4000000000; 0; n_gate; 1.226634733E-18; -1.226634733E-18
5; -11; 3; 6000000000; 0; n_gate; 3.012883599E-18; -2.783293047E-18
5; -11; 4; 8000000000; 0; n_gate; 0; -0
5; -11; 0; 0; 1; n_drain; 0.04924680756; 0
5; -11; 1; 2000000000; 1; n_drain; 0.005256363733; 2.51534904E-17
5; -11; 2; 4000000000; 1; n_drain; 0.0001337915978; 2.961227184E-18
5; -11; 3; 6000000000; 1; n_drain; 2.028642774E-06; 3.272247094E-18
5; -11; 4; 8000000000; 1; n_drain; 1.638420748E-08; -3.469446952E-18
5; -10; 0; 0; 0; n_gate; -0.06099999878; 0
5; -10; 1; 2000000000; 0; n_gate; 0.001885618083; 2.00100353E-15
5; -10; 2; 4000000000; 0; n_gate; 0; -0
5; -10; 3; 6000000000; 0; n_gate; -4.297265555E-21; 2.025895755E-18
5; -10; 4; 8000000000; 0; n_gate; 0; -0
5; -10; 0; 0; 1; n_drain; 0.04928146116; 0
5; -10; 1; 2000000000; 1; n_drain; 0.005899507003; 2.775557562E-17
5; -10; 2; 4000000000; 1; n_drain; 0.0001684551048; 2.968003447E-18
5; -10; 3; 6000000000; 1; n_drain; 2.865446524E-06; -3.035554325E-19
5; -10; 4; 8000000000; 1; n_drain; 2.595791852E-08; -3.469446952E-18
5; -9; 0; 0; 0; n_gate; -0.06099999878; 0
5; -9; 1; 2000000000; 0; n_gate; 0.002115698287; 2.244298497E-15
5; -9; 2; 4000000000; 0; n_gate; 0; -0
5; -9; 3; 6000000000; 0; n_gate; 2.555672211E-18; -8.567965567E-19
5; -9; 4; 8000000000; 0; n_gate; 0; -0
5; -9; 0; 0; 1; n_drain; 0.04932509688; 0
5; -9; 1; 2000000000; 1; n_drain; 0.006621855654; 2.297814716E-14
5; -9; 2; 4000000000; 1; n_drain; 0.0002121064109; -1.768366269E-14
5; -9; 3; 6000000000; 1; n_drain; 4.047394713E-06; -9.56934011E-15
5; -9; 4; 8000000000; 1; n_drain; 4.112179775E-08; 2.500083474E-14
5; -8; 0; 0; 0; n_gate; -0.06099999878; 0
5; -8; 1; 2000000000; 0; n_gate; 0.002373852522; 2.519685849E-15
5; -8; 2; 4000000000; 0; n_gate; 0; -0
5; -8; 3; 6000000000; 0; n_gate; 2.182275298E-18; -4.566151347E-19
5; -8; 4; 8000000000; 0; n_gate; 0; -0
5; -8; 0; 0; 1; n_drain; 0.04938004592; 0
5; -8; 1; 2000000000; 1; n_drain; 0.007433375282; 3.035766083E-17
5; -8; 2; 4000000000; 1; n_drain; 0.0002670800004; 2.249719508E-18
5; -8; 3; 6000000000; 1; n_drain; 5.716818105E-06; 1.092248985E-18
5; -8; 4; 8000000000; 1; n_drain; 6.513634066E-08; -3.469446952E-18
5; -7; 0; 0; 0; n_gate; -0.06099999878; 0
5; -7; 1; 2000000000; 0; n_gate; 0.002663506337; 2.826081383E-15
5; -7; 2; 4000000000; 0; n_gate; 1.734723476E-18; -0
5; -7; 3; 6000000000; 0; n_gate; -1.043733068E-18; -1.009600186E-19
5; -7; 4; 8000000000; 0; n_gate; 0; -0
5; -7; 0; 0; 1; n_drain; 0.04944924629; 0
5; -7; 1; 2000000000; 1; n_drain; 0.008345371602; -2.31585584E-16
5; -7; 2; 4000000000; 1; n_drain; 0.0003363190769; -2.26598254E-17
5; -7; 3; 6000000000; 1; n_drain; 8.074721967E-06; -1.10008404E-18
5; -7; 4; 8000000000; 1; n_drain; 1.031596114E-07; -3.469446952E-18
5; -6; 0; 0; 0; n_gate; -0.06099999878; 0
5; -6; 1; 2000000000; 0; n_gate; 0.002988503263; 3.172592397E-15
5; -6; 2; 4000000000; 0; n_gate; 1.734723476E-18; -0
5; -6; 3; 6000000000; 0; n_gate; -1.147976163E-18; 2.026322177E-18
5; -6; 4; 8000000000; 0; n_gate; 0; -0
5; -6; 0; 0; 1; n_drain; 0.04953640179; 0
5; -6; 1; 2000000000; 1; n_drain; 0.009370705126; 2.300069857E-14
5; -6; 2; 4000000000; 1; n_drain; 0.0004235356513; 1.765588001E-14
5; -6; 3; 6000000000; 1; n_drain; 1.140495634E-05; -9.559560903E-15
5; -6; 4; 8000000000; 1; n_drain; 1.6334814E-07; -2.49834875E-14
5; -5; 0; 0; 0; n_gate; -0.06099999878; 0
5; -5; 1; 2000000000; 0; n_gate; 0.003353155812; 3.559435732E-15
5; -5; 2; 4000000000; 0; n_gate; 0; -0
5; -5; 3; 6000000000; 0; n_gate; -1.566943593E-18; 2.525723555E-19
5; -5; 4; 8000000000; 0; n_gate; 0; -0
5; -5; 0; 0; 1; n_drain; 0.04964618325; 0
5; -5; 1; 2000000000; 1; n_drain; 0.01052405308; 4.257878772E-14
5; -5; 2; 4000000000; 1; n_drain; 0.000533413511; -2.502064853E-14
5; -5; 3; 6000000000; 1; n_drain; 1.610833087E-05; -7.302820763E-15
5; -5; 4; 8000000000; 1; n_drain; 2.585921823E-07; -0
5; -4; 0; 0; 0; n_gate; -0.06099999878; 0
5; -4; 1; 2000000000; 0; n_gate; 0.003762302702; 3.994851325E-15
5; -4; 2; 4000000000; 0; n_gate; 0; -0
5; -4; 3; 6000000000; 0; n_gate; -1.536883334E-18; -1.867899602E-18
5; -4; 4; 8000000000; 0; n_gate; 0; -0
5; -4; 0; 0; 1; n_drain; 0.04978448353; 0
5; -4; 1; 2000000000; 1; n_drain; 0.01182223302; 5.464378949E-17
5; -4; 2; 4000000000; 1; n_drain; 0.0006718659959; 7.155734338E-18
5; -4; 3; 6000000000; 1; n_drain; 2.275075227E-05; -5.217722955E-19
5; -4; 4; 8000000000; 1; n_drain; 4.092475235E-07; 3.469446952E-18
5; -3; 0; 0; 0; n_gate; -0.06099999878; 0
5; -3; 1; 2000000000; 0; n_gate; 0.004221373062; 4.477971813E-15
5; -3; 2; 4000000000; 0; n_gate; 1.734723476E-18; 1.734723476E-18
5; -3; 3; 6000000000; 0; n_gate; -2.49852425E-19; -2.677183855E-19
5; -3; 4; 8000000000; 0; n_gate; 0; -0
5; -3; 0; 0; 1; n_drain; 0.04995874127; 0
5; -3; 1; 2000000000; 1; n_drain; 0.01328460774; 2.489935341E-14
5; -3; 2; 4000000000; 1; n_drain; 0.0008463640499; -1.13299127E-17
5; -3; 3; 6000000000; 1; n_drain; 3.213112566E-05; -2.499399664E-14
5; -3; 4; 8000000000; 1; n_drain; 6.474277218E-07; -3.469446952E-18
5; -2; 0; 0; 0; n_gate; -0.06099999878; 0
5; -2; 1; 2000000000; 0; n_gate; 0.004736458478; 5.025927591E-15
5; -2; 2; 4000000000; 0; n_gate; 1.226634733E-18; 1.226634733E-18
5; -2; 3; 6000000000; 0; n_gate; 1.188947156E-18; -4.152042236E-19
5; -2; 4; 8000000000; 0; n_gate; 0; -0
5; -2; 0; 0; 1; n_drain; 0.05017835262; 0
5; -2; 1; 2000000000; 1; n_drain; 0.01493359877; 9.343220642E-15
5; -2; 2; 4000000000; 1; n_drain; 0.001066354746; 1.760820222E-14
5; -2; 3; 6000000000; 1; n_drain; 4.537709431E-05; 2.304450034E-14
5; -2; 4; 8000000000; 1; n_drain; 1.023733659E-06; 2.494879303E-14
5; -1; 0; 0; 0; n_gate; -0.06099999878; 0
5; -1; 1; 2000000000; 0; n_gate; 0.00531439382; 5.638718659E-15
5; -1; 2; 4000000000; 0; n_gate; 4.187992943E-18; -0
5; -1; 3; 6000000000; 0; n_gate; -3.791307691E-19; 7.045042372E-19
5; -1; 4; 8000000000; 0; n_gate; 0; -0
5; -1; 0; 0; 1; n_drain; 0.0504551961; 0
5; -1; 1; 2000000000; 1; n_drain; 0.01679534555; 2.308223057E-14
5; -1; 2; 4000000000; 1; n_drain; 0.001343796806; 1.766284601E-14
5; -1; 3; 6000000000; 1; n_drain; 6.407994946E-05; -9.553161146E-15
5; -1; 4; 8000000000; 1; n_drain; 1.617769168E-06; -2.496960971E-14
5; 0; 0; 0; 0; n_gate; -0.06099999878; 0
5; 0; 1; 2000000000; 0; n_gate; 0.00596284794; 6.325669155E-15
5; 0; 2; 4000000000; 0; n_gate; 0; 7.185459907E-19
5; 0; 3; 6000000000; 0; n_gate; 2.324522064E-18; -5.798729552E-19
5; 0; 4; 8000000000; 0; n_gate; 0; -0
5; 0; 0; 0; 1; n_drain; 0.05080430357; 0
5; 0; 1; 2000000000; 1; n_drain; 0.01890056209; -7.112366252E-17
5; 0; 2; 4000000000; 1; n_drain; 0.001693848181; -1.138412281E-17
5; 0; 3; 6000000000; 1; n_drain; 9.048457983E-05; 6.26804381E-19
5; 0; 4; 8000000000; 1; n_drain; 2.554509421E-06; -0
5; 1; 0; 0; 0; n_gate; -0.06099999878; 0
5; 1; 1; 2000000000; 0; n_gate; 0.006690425429; 7.098922145E-15
5; 1; 2; 4000000000; 0; n_gate; 1.226634733E-18; 1.226634733E-18
5; 1; 3; 6000000000; 0; n_gate; 4.051901242E-18; -1.033415E-19
5; 1; 4; 8000000000; 0; n_gate; 0; -0
5; 1; 0; 0; 1; n_drain; 0.05124472072; 0
5; 1; 1; 2000000000; 1; n_drain; 0.02128566256; 2.316029313E-14
5; 1; 2; 4000000000; 1; n_drain; 0.00213575235; 1.767694064E-14
5; 1; 3; 6000000000; 1; n_drain; 0.0001277566061; -9.548219556E-15
5; 1; 4; 8000000000; 1; n_drain; 4.02964186E-06; -2.496267082E-14
5; 2; 0; 0; 0; n_gate; -0.06099999878; 0
5; 2; 1; 2000000000; 0; n_gate; 0.007506780798; 7.96498284E-15
5; 2; 2; 4000000000; 0; n_gate; 1.734723476E-18; -1.734723476E-18
5; 2; 3; 6000000000; 0; n_gate; -3.035373439E-19; 1.543770198E-18
5; 2; 4; 8000000000; 0; n_gate; 0; -0
5; 2; 0; 0; 1; n_drain; 0.05180061451; 0
5; 2; 1; 2000000000; 1; n_drain; 0.02399425456; 4.266378917E-14
5; 2; 2; 4000000000; 1; n_drain; 0.002693985756; -2.504940699E-14
5; 2; 3; 6000000000; 1; n_drain; 0.000180357447; -7.279767067E-15
5; 2; 4; 8000000000; 1; n_drain; 6.348517883E-06; -0
5; 3; 0; 0; 0; n_gate; -0.06099999878; 0
5; 3; 1; 2000000000; 0; n_gate; 0.008422746588; 8.937729029E-15
5; 3; 2; 4000000000; 0; n_gate; 0; 1.734723476E-18
5; 3; 3; 6000000000; 0; n_gate; 3.556882228E-19; 2.801053519E-18
5; 3; 4; 8000000000; 0; n_gate; 0; -0
5; 3; 0; 0; 1; n_drain; 0.05250270444; 0
5; 3; 1; 2000000000; 1; n_drain; 0.02707913671; 2.297641244E-14
5; 3; 2; 4000000000; 1; n_drain; 0.003399750274; -1.773125917E-14
5; 3; 3; 6000000000; 1; n_drain; 0.0002545696718; -9.583147806E-15
5; 3; 4; 8000000000; 1; n_drain; 9.985442189E-06; 2.502859031E-14
5; 4; 0; 0; 0; n_gate; -0.06099999878; 0
5; 4; 1; 2000000000; 0; n_gate; 0.009450477107; 1.003017114E-14
5; 4; 2; 4000000000; 0; n_gate; -1.226634733E-18; -1.226634733E-18
5; 4; 3; 6000000000; 0; n_gate; -4.179093035E-18; -1.364405279E-19
5; 4; 4; 8000000000; 0; n_gate; 0; -0
5; 4; 0; 0; 1; n_drain; 0.0533901197; 0
5; 4; 1; 2000000000; 1; n_drain; 0.03060498806; 4.826521127E-14
5; 4; 2; 4000000000; 1; n_drain; 0.004292923467; -1.76466914E-14
5; 4; 3; 6000000000; 1; n_drain; 0.0003592302862; -3.45632404E-14
5; 4; 4; 8000000000; 1; n_drain; 1.567269119E-05; 2.502859031E-14
5; 5; 0; 0; 0; n_gate; -0.06099999878; 0
5; 5; 1; 2000000000; 0; n_gate; 0.01060360972; 1.124968174E-14
5; 5; 2; 4000000000; 0; n_gate; 0; -0
5; 5; 3; 6000000000; 0; n_gate; -2.33990276E-20; -5.269581406E-19
5; 5; 4; 8000000000; 0; n_gate; 0; -0
5; 5; 0; 0; 1; n_drain; 0.05451281913; 0
5; 5; 1; 2000000000; 1; n_drain; 0.03465200471; 5.811323645E-14
5; 5; 2; 4000000000; 1; n_drain; 0.005424617602; 1.739493966E-14
5; 5; 3; 6000000000; 1; n_drain; 0.0005067489021; 2.578743696E-14
5; 5; 4; 8000000000; 1; n_drain; 2.453155577E-05; -2.495226248E-14
5; 6; 0; 0; 0; n_gate; -0.06099999878; 0
5; 6; 1; 2000000000; 0; n_gate; 0.01189744578; 1.262184801E-14
5; 6; 2; 4000000000; 0; n_gate; 0; 2.453269467E-18
5; 6; 3; 6000000000; 0; n_gate; -8.05875087E-19; -1.633870105E-18
5; 6; 4; 8000000000; 0; n_gate; 0; -0
5; 6; 0; 0; 1; n_drain; 0.05593475465; 0
5; 6; 1; 2000000000; 1; n_drain; 0.0393208264; 4.805877918E-14
5; 6; 2; 4000000000; 1; n_drain; 0.006860546794; 1.766121971E-14
5; 6; 3; 6000000000; 1; n_drain; 0.0007145102097; -3.453156814E-14
5; 6; 4; 8000000000; 1; n_drain; 3.825960102E-05; -2.494532358E-14
5; 7; 0; 0; 0; n_gate; -0.06099999878; 0
5; 7; 1; 2000000000; 0; n_gate; 0.01334915373; 1.416314982E-14
5; 7; 2; 4000000000; 0; n_gate; -1.226634733E-18; -1.226634733E-18
5; 7; 3; 6000000000; 0; n_gate; 8.67361738E-19; -8.67361738E-19
5; 7; 4; 8000000000; 0; n_gate; 0; -0
5; 7; 0; 0; 1; n_drain; 0.05773801374; 0
5; 7; 1; 2000000000; 1; n_drain; 0.04473920149; 4.790612351E-14
5; 7; 2; 4000000000; 1; n_drain; 0.008685457885; 1.760310647E-14
5; 7; 3; 6000000000; 1; n_drain; 0.001006781841; -3.453468522E-14
5; 7; 4; 8000000000; 1; n_drain; 5.93857939E-05; -2.493491524E-14
5; 8; 0; 0; 0; n_gate; -0.06099999878; 0
5; 8; 1; 2000000000; 0; n_gate; 0.01497799683; 1.589006704E-14
5; 8; 2; 4000000000; 0; n_gate; 0; -0
5; 8; 3; 6000000000; 0; n_gate; 5.501253668E-19; 1.582998323E-18
5; 8; 4; 8000000000; 0; n_gate; 0; -0
5; 8; 0; 0; 1; n_drain; 0.06002823539; 0
5; 8; 1; 2000000000; 1; n_drain; 0.05107095073; 4.804490139E-14
5; 8; 2; 4000000000; 1; n_drain; 0.0110089336; 1.766295443E-14
5; 8; 3; 6000000000; 1; n_drain; 0.001417258136; -3.451281145E-14
5; 8; 4; 8000000000; 1; n_drain; 9.158977912E-05; -2.49245069E-14
5; 9; 0; 0; 0; n_gate; -0.06099999878; 0
5; 9; 1; 2000000000; 0; n_gate; 0.01680558886; 1.783295733E-14
5; 9; 2; 4000000000; 0; n_gate; -1.226634733E-18; -5.080887426E-19
5; 9; 3; 6000000000; 0; n_gate; 1.839199309E-18; -6.784138046E-20
5; 9; 4; 8000000000; 0; n_gate; 0; -0
5; 9; 0; 0; 1; n_drain; 0.06294163994; 0
5; 9; 1; 2000000000; 1; n_drain; 0.0585278715; 6.534009445E-14
5; 9; 2; 4000000000; 1; n_drain; 0.01397289314; 4.237582507E-14
5; 9; 3; 6000000000; 1; n_drain; 0.001992339338; -1.696060827E-14
5; 9; 4; 8000000000; 1; n_drain; 0.0001400341852; -2.491756801E-14
5; 10; 0; 0; 0; n_gate; -0.06099999878; 0
5; 10; 1; 2000000000; 0; n_gate; 0.01885618083; 2.000656585E-14
5; 10; 2; 4000000000; 0; n_gate; 2.961358209E-18; -1.226634733E-18
5; 10; 3; 6000000000; 0; n_gate; 7.34411245E-19; 6.68387264E-19
5; 10; 4; 8000000000; 0; n_gate; 0; -0
5; 10; 0; 0; 1; n_drain; 0.0666539967; 0
5; 10; 1; 2000000000; 1; n_drain; 0.06738517816; 9.286321712E-14
5; 10; 2; 4000000000; 1; n_drain; 0.0177610148; -5.637851297E-16
5; 10; 3; 6000000000; 1; n_drain; 0.002795110172; 2.410680162E-14
5; 10; 4; 8000000000; 1; n_drain; 0.0002115377966; -5.010575288E-14
6; -50; 0; 0; 0; n_gate; -0.06099999878; 0
6; -50; 1; 2000000000; 0; n_gate; 1.885618083E-05; 2.070656743E-17
6; -50; 2; 4000000000; 0; n_gate; 0; -0
6; -50; 3; 6000000000; 0; n_gate; 4.788254745E-19; -3.516113706E-19
6; -50; 4; 8000000000; 0; n_gate; 0; -0
6; -50; 0; 0; 1; n_drain; 0.04911305044; 0
6; -50; 1; 2000000000; 1; n_drain; 5.888337905E-05; 2.650536311E-08
6; -50; 2; 4000000000; 1; n_drain; 1.682043631E-08; 1.579315527E-11
6; -50; 3; 6000000000; 1; n_drain; 2.86694324E-12; 5.582528036E-15
6; -50; 4; 8000000000; 1; n_drain; -6.938893904E-18; 4.997738334E-14
6; -20; 0; 0; 0; n_gate; -0.06099999878; 0
6; -20; 1; 2000000000; 0; n_gate; 0.000596284794; 6.328488081E-16
6; -20; 2; 4000000000; 0; n_gate; 0; -0
6; -20; 3; 6000000000; 0; n_gate; 7.611569041E-19; 2.042333981E-18
6; -20; 4; 8000000000; 0; n_gate; 0; -0
6; -20; 0; 0; 1; n_drain; 0.04912985429; 0
6; -20; 1; 2000000000; 1; n_drain; 0.001862327311; 8.384335709E-07
6; -20; 2; 4000000000; 1; n_drain; 1.682133012E-05; 1.552110741E-08
6; -20; 3; 6000000000; 1; n_drain; 9.049798885E-08; 1.364297375E-10
6; -20; 4; 8000000000; 1; n_drain; 2.593324791E-10; 7.276089453E-13
6; -19; 0; 0; 0; n_gate; -0.06099999878; 0
6; -19; 1; 2000000000; 0; n_gate; 0.0006690425429; 7.087429602E-16
6; -19; 2; 4000000000; 0; n_gate; 0; -0
6; -19; 3; 6000000000; 0; n_gate; 2.782939092E-19; 2.771458602E-19
6; -19; 4; 8000000000; 0; n_gate; 0; -0
6; -19; 0; 0; 1; n_drain; 0.04913420984; 0
6; -19; 1; 2000000000; 1; n_drain; 0.002089644524; 9.408074464E-07
6; -19; 2; 4000000000; 1; n_drain; 2.117713657E-05; 1.954100443E-08
6; -19; 3; 6000000000; 1; n_drain; 1.278311988E-07; 1.927102258E-10
6; -19; 4; 8000000000; 1; n_drain; 4.110137612E-10; 1.10498416E-12
6; -18; 0; 0; 0; n_gate; -0.06099999878; 0
6; -18; 1; 2000000000; 0; n_gate; 0.0007506780798; 7.962380755E-16
6; -18; 2; 4000000000; 0; n_gate; 0; -0
6; -18; 3; 6000000000; 0; n_gate; 5.9343084E-19; -1.036103934E-18
6; -18; 4; 8000000000; 0; n_gate; 0; -0
6; -18; 0; 0; 1; n_drain; 0.04913969331; 0
6; -18; 1; 2000000000; 1; n_drain; 0.002344731196; 1.055707976E-06
6; -18; 2; 4000000000; 1; n_drain; 2.666097286E-05; 2.460244822E-08
6; -18; 3; 6000000000; 1; n_drain; 1.805655263E-07; 2.721984661E-10
6; -18; 4; 8000000000; 1; n_drain; 6.513740519E-10; 1.774906611E-12
6; -17; 0; 0; 0; n_gate; -0.06099999878; 0
6; -17; 1; 2000000000; 0; n_gate; 0.0008422746588; 8.944125822E-16
6; -17; 2; 4000000000; 0; n_gate; 0; -0
6; -17; 3; 6000000000; 0; n_gate; -5.489941186E-19; -1.314670794E-18
6; -17; 4; 8000000000; 0; n_gate; 0; -0
6; -17; 0; 0; 1; n_drain; 0.04914659682; 0
6; -17; 1; 2000000000; 1; n_drain; 0.002630989136; 1.184671524E-06
6; -17; 2; 4000000000; 1; n_drain; 3.356502807E-05; 3.097559367E-08
6; -17; 3; 6000000000; 1; n_drain; 2.550540174E-07; 3.84540474E-10
6; -17; 4; 8000000000; 1; n_drain; 1.032320847E-09; 2.822062029E-12
6; -16; 0; 0; 0; n_gate; -0.06099999878; 0
6; -16; 1; 2000000000; 0; n_gate; 0.0009450477107; 1.001640177E-15
6; -16; 2; 4000000000; 0; n_gate; 0; -0
6; -16; 3; 6000000000; 0; n_gate; -1.089630686E-18; -4.108361181E-19
6; -16; 4; 8000000000; 0; n_gate; 0; -0
6; -16; 0; 0; 1; n_drain; 0.04915528819; 0
6; -16; 1; 2000000000; 1; n_drain; 0.002952240786; 1.329431996E-06
6; -16; 2; 4000000000; 1; n_drain; 4.225721666E-05; 3.900057557E-08
6; -16; 3; 6000000000; 1; n_drain; 3.602705363E-07; 5.432293664E-10
6; -16; 4; 8000000000; 1; n_drain; 1.635939492E-09; 4.480769922E-12
6; -15; 0; 0; 0; n_gate; -0.06099999878; 0
6; -15; 1; 2000000000; 0; n_gate; 0.001060360972; 1.1277871E-15
6; -15; 2; 4000000000; 0; n_gate; 0; -0
6; -15; 3; 6000000000; 0; n_gate; -2.263113581E-18; 4.204432955E-19
6; -15; 4; 8000000000; 0; n_gate; 0; -0
6; -15; 0; 0; 1; n_drain; 0.04916623058; 0
6; -15; 1; 2000000000; 1; n_drain; 0.00331278282; 1.491942095E-06
6; -15; 2; 4000000000; 1; n_drain; 5.320082296E-05; 4.910611852E-08
6; -15; 3; 6000000000; 1; n_drain; 5.088906633E-07; 7.673974758E-10
6; -15; 4; 8000000000; 1; n_drain; 2.592475325E-09; 7.062930102E-12
6; -14; 0; 0; 0; n_gate; -0.06099999878; 0
6; -14; 1; 2000000000; 0; n_gate; 0.001189744578; 1.26244501E-15
6; -14; 2; 4000000000; 0; n_gate; 0; -0
6; -14; 3; 6000000000; 0; n_gate; -4.241465413E-19; -5.16869648E-19
6; -14; 4; 8000000000; 0; n_gate; 0; -0
6; -14; 0; 0; 1; n_drain; 0.04918000718; 0
6; -14; 1; 2000000000; 1; n_drain; 0.003717447285; 1.67443508E-06
6; -14; 2; 4000000000; 1; n_drain; 6.697926706E-05; 6.183366737E-08
6; -14; 3; 6000000000; 1; n_drain; 7.188186194E-07; 1.084138871E-09
6; -14; 4; 8000000000; 1; n_drain; 4.108241611E-09; 1.122034063E-11
6; -13; 0; 0; 0; n_gate; -0.06099999878; 0
6; -13; 1; 2000000000; 0; n_gate; 0.001334915373; 1.415751197E-15
6; -13; 2; 4000000000; 0; n_gate; 0; -0
6; -13; 3; 6000000000; 0; n_gate; 1.131710233E-18; -1.705476234E-18
6; -13; 4; 8000000000; 0; n_gate; 0; -0
6; -13; 0; 0; 1; n_drain; 0.04919735237; 0
6; -13; 1; 2000000000; 1; n_drain; 0.004171671314; 1.879344809E-06
6; -13; 2; 4000000000; 1; n_drain; 8.432727324E-05; 7.78627721E-08
6; -13; 3; 6000000000; 1; n_drain; 1.015342524E-06; 1.531647746E-09
6; -13; 4; 8000000000; 1; n_drain; 6.509886533E-09; 1.776558761E-11
6; -12; 0; 0; 0; n_gate; -0.06099999878; 0
6; -12; 1; 2000000000; 0; n_gate; 0.001497799683; 1.591175108E-15
6; -12; 2; 4000000000; 0; n_gate; 0; -0
6; -12; 3; 6000000000; 0; n_gate; -2.032855001E-18; -1.661680757E-18
6; -12; 4; 8000000000; 0; n_gate; 0; -0
6; -12; 0; 0; 1; n_drain; 0.04921919103; 0
6; -12; 1; 2000000000; 1; n_drain; 0.004681577637; 2.109504053E-06
6; -12; 2; 4000000000; 1; n_drain; 0.0001061702589; 9.805315592E-08
6; -12; 3; 6000000000; 1; n_drain; 1.434181406E-06; 2.164021898E-09
6; -12; 4; 8000000000; 1; n_drain; 1.031509626E-08; 2.812931485E-11
6; -11; 0; 0; 0; n_gate; -0.06099999878; 0
6; -11; 1; 2000000000; 0; n_gate; 0.001680558886; 1.783620994E-15
6; -11; 2; 4000000000; 0; n_gate; 1.226634733E-18; -1.226634733E-18
6; -11; 3; 6000000000; 0; n_gate; 3.012883599E-18; -2.783293047E-18
6; -11; 4; 8000000000; 0; n_gate; 0; -0
6; -11; 0; 0; 1; n_drain; 0.049246688; 0
6; -11; 1; 2000000000; 1; n_drain; 0.005254067182; 2.368095716E-06
6; -11; 2; 4000000000; 1; n_drain; 0.0001336739228; 1.234887236E-07
6; -11; 3; 6000000000; 1; n_drain; 2.025785046E-06; 3.057702996E-09
6; -11; 4; 8000000000; 1; n_drain; 1.634365312E-08; 4.460094793E-11
6; -10; 0; 0; 0; n_gate; -0.06099999878; 0
6; -10; 1; 2000000000; 0; n_gate; 0.001885618083; 2.00100353E-15
6; -10; 2; 4000000000; 0; n_gate; 0; -0
6; -10; 3; 6000000000; 0; n_gate; -4.297265555E-21; 2.025895755E-18
6; -10; 4; 8000000000; 0; n_gate; 0; -0
6; -10; 0; 0; 1; n_drain; 0.04928131057; 0
6; -10; 1; 2000000000; 1; n_drain; 0.005896926903; 2.658732984E-06
6; -10; 2; 4000000000; 1; n_drain; 0.0001683068634; 1.555377048E-07
6; -10; 3; 6000000000; 1; n_drain; 2.861408239E-06; 4.320689923E-09
6; -10; 4; 8000000000; 1; n_drain; 2.589359707E-08; 7.074245009E-11
6; -9; 0; 0; 0; n_gate; -0.06099999878; 0
6; -9; 1; 2000000000; 0; n_gate; 0.002115698287; 2.244298497E-15
6; -9; 2; 4000000000; 0; n_gate; 0; -0
6; -9; 3; 6000000000; 0; n_gate; 2.555672211E-18; -8.567965567E-19
6; -9; 4; 8000000000; 0; n_gate; 0; -0
6; -9; 0; 0; 1; n_drain; 0.04932490716; 0
6; -9; 1; 2000000000; 1; n_drain; 0.00661895603; 2.985529832E-06
6; -9; 2; 4000000000; 1; n_drain; 0.0002119196313; 1.959287647E-07
6; -9; 3; 6000000000; 1; n_drain; 4.041687518E-06; 6.105911647E-09
6; -9; 4; 8000000000; 1; n_drain; 4.101984017E-08; 1.121521487E-10
6; -8; 0; 0; 0; n_gate; -0.06099999878; 0
6; -8; 1; 2000000000; 0; n_gate; 0.002373852522; 2.519685849E-15
6; -8; 2; 4000000000; 0; n_gate; 0; -0
6; -8; 3; 6000000000; 0; n_gate; 2.182275298E-18; -4.566151347E-19
6; -8; 4; 8000000000; 0; n_gate; 0; -0
6; -8; 0; 0; 1; n_drain; 0.04937980686; 0
6; -8; 1; 2000000000; 1; n_drain; 0.007430115201; 3.353186353E-06
6; -8; 2; 4000000000; 1; n_drain; 0.0002668446137; 2.468473819E-07
6; -8; 3; 6000000000; 1; n_drain; 5.708751374E-06; 8.629857186E-09
6; -8; 4; 8000000000; 1; n_drain; 6.497467086E-08; 1.778330157E-10
6; -7; 0; 0; 0; n_gate; -0.06099999878; 0
6; -7; 1; 2000000000; 0; n_gate; 0.002663506337; 2.826081383E-15
6; -7; 2; 4000000000; 0; n_gate; 1.734723476E-18; -0
6; -7; 3; 6000000000; 0; n_gate; -1.043733068E-18; -1.009600186E-19
6; -7; 4; 8000000000; 0; n_gate; 0; -0
6; -7; 0; 0; 1; n_drain; 0.04944894498; 0
6; -7; 1; 2000000000; 1; n_drain; 0.008341704328; 3.767095581E-06
6; -7; 2; 4000000000; 1; n_drain; 0.0003360223542; 3.110598812E-07
6; -7; 3; 6000000000; 1; n_drain; 8.063318158E-06; 1.219895054E-08
6; -7; 4; 8000000000; 1; n_drain; 1.02903339E-07; 2.819320125E-10
6; -6; 0; 0; 0; n_gate; -0.06099999878; 0
6; -6; 1; 2000000000; 0; n_gate; 0.002988503263; 3.172592397E-15
6; -6; 2; 4000000000; 0; n_gate; 1.734723476E-18; -0
6; -6; 3; 6000000000; 0; n_gate; -1.147976163E-18; 2.026322177E-18
6; -6; 4; 8000000000; 0; n_gate; 0; -0
6; -6; 0; 0; 1; n_drain; 0.04953602193; 0
6; -6; 1; 2000000000; 1; n_drain; 0.009366577078; 4.233477599E-06
6; -6; 2; 4000000000; 1; n_drain; 0.0004231614833; 3.92072794E-07
6; -6; 3; 6000000000; 1; n_drain; 1.13888315E-05; 1.724737206E-08
6; -6; 4; 8000000000; 1; n_drain; 1.629418666E-07; 4.470825515E-10
6; -5; 0; 0; 0; n_gate; -0.06099999878; 0
6; -5; 1; 2000000000; 0; n_gate; 0.003353155812; 3.559435732E-15
6; -5; 2; 4000000000; 0; n_gate; 0; -0
6; -5; 3; 6000000000; 0; n_gate; -1.566943593E-18; 2.525723555E-19
6; -5; 4; 8000000000; 0; n_gate; 0; -0
6; -5; 0; 0; 1; n_drain; 0.04964570417; 0
6; -5; 1; 2000000000; 1; n_drain; 0.01051940252; 4.759551046E-06
6; -5; 2; 4000000000; 1; n_drain; 0.0005329414844; 4.943382171E-07
6; -5; 3; 6000000000; 1; n_drain; 1.608552473E-05; 2.439090113E-08
6; -5; 4; 8000000000; 1; n_drain; 2.579479617E-07; 7.091121822E-10
6; -4; 0; 0; 0; n_gate; -0.06099999878; 0
6; -4; 1; 2000000000; 0; n_gate; 0.003762302702; 3.994851325E-15
6; -4; 2; 4000000000; 0; n_gate; 0; -0
6; -4; 3; 6000000000; 0; n_gate; -1.536883334E-18; -1.867899602E-18
6; -4; 4; 8000000000; 0; n_gate; 0; -0
6; -4; 0; 0; 1; n_drain; 0.04978387904; 0
6; -4; 1; 2000000000; 1; n_drain; 0.01181698837; 5.353755001E-06
6; -4; 2; 4000000000; 1; n_drain; 0.0006712701998; 6.235207679E-07
6; -4; 3; 6000000000; 1; n_drain; 2.27184857E-05; 3.450332909E-08
6; -4; 4; 8000000000; 1; n_drain; 4.082257356E-07; 1.124933726E-09
6; -3; 0; 0; 0; n_gate; -0.06099999878; 0
6; -3; 1; 2000000000; 0; n_gate; 0.004221373062; 4.477971813E-15
6; -3; 2; 4000000000; 0; n_gate; 1.734723476E-18; 1.734723476E-18
6; -3; 3; 6000000000; 0; n_gate; -2.49852425E-19; -2.677183855E-19
6; -3; 4; 8000000000; 0; n_gate; 0; -0
6; -3; 0; 0; 1; n_drain; 0.0499579781; 0
6; -3; 1; 2000000000; 1; n_drain; 0.01327868545; 6.026040602E-06
6; -3; 2; 4000000000; 1; n_drain; 0.0008456115286; 7.868469405E-07
6; -3; 3; 6000000000; 1; n_drain; 3.208545548E-05; 4.882667345E-08
6; -3; 4; 8000000000; 1; n_drain; 6.45806909E-07; 1.784863427E-09
6; -2; 0; 0; 0; n_gate; -0.06099999878; 0
6; -2; 1; 2000000000; 0; n_gate; 0.004736458478; 5.025927591E-15
6; -2; 2; 4000000000; 0; n_gate; 1.226634733E-18; 1.226634733E-18
6; -2; 3; 6000000000; 0; n_gate; 1.188947156E-18; -4.152042236E-19
6; -2; 4; 8000000000; 0; n_gate; 0; -0
6; -2; 0; 0; 1; n_drain; 0.05017738842; 0
6; -2; 1; 2000000000; 1; n_drain; 0.01492690042; 6.78825866E-06
6; -2; 2; 4000000000; 1; n_drain; 0.001065403476; 9.935650819E-07
6; -2; 3; 6000000000; 1; n_drain; 4.531241926E-05; 6.912851775E-08
6; -2; 4; 8000000000; 1; n_drain; 1.021161981E-06; 2.833003568E-09
6; -1; 0; 0; 0; n_gate; -0.06099999878; 0
6; -1; 1; 2000000000; 0; n_gate; 0.00531439382; 5.638718659E-15
6; -1; 2; 4000000000; 0; n_gate; 4.187992943E-18; -0
6; -1; 3; 6000000000; 0; n_gate; -3.791307691E-19; 7.045042372E-19
6; -1; 4; 8000000000; 0; n_gate; 0; -0
6; -1; 0; 0; 1; n_drain; 0.0504539768; 0
6; -1; 1; 2000000000; 1; n_drain; 0.0167877541; 7.65468177E-06
6; -1; 2; 4000000000; 1; n_drain; 0.001342593036; 1.255557949E-06
6; -1; 3; 6000000000; 1; n_drain; 6.398830181E-05; 9.792925892E-08
6; -1; 4; 8000000000; 1; n_drain; 1.613687769E-06; 4.498064584E-09
6; 0; 0; 0; 0; n_gate; -0.06099999878; 0
6; 0; 1; 2000000000; 0; n_gate; 0.00596284794; 6.325669155E-15
6; 0; 2; 4000000000; 0; n_gate; 0; 7.185459907E-19
6; 0; 3; 6000000000; 0; n_gate; 2.324522064E-18; -5.798729552E-19
6; 0; 4; 8000000000; 0; n_gate; 0; -0
6; 0; 0; 0; 1; n_drain; 0.05080275992; 0
6; 0; 1; 2000000000; 1; n_drain; 0.0188919368; 8.642715596E-06
6; 0; 2; 4000000000; 1; n_drain; 0.001692322892; 1.588166481E-06
6; 0; 3; 6000000000; 1; n_drain; 9.035460603E-05; 1.388312169E-07
6; 0; 4; 8000000000; 1; n_drain; 2.548029847E-06; 7.145107311E-09
6; 1; 0; 0; 0; n_gate; -0.06099999878; 0
6; 1; 1; 2000000000; 0; n_gate; 0.006690425429; 7.098922145E-15
6; 1; 2; 4000000000; 0; n_gate; 1.226634733E-18; 1.226634733E-18
6; 1; 3; 6000000000; 0; n_gate; 4.051901242E-18; -1.033415E-19
6; 1; 4; 8000000000; 0; n_gate; 0; -0
6; 1; 0; 0; 1; n_drain; 0.05124276367; 0
6; 1; 1; 2000000000; 1; n_drain; 0.02127583197; 9.773879258E-06
6; 1; 2; 4000000000; 1; n_drain; 0.002133816504; 2.011310219E-06
6; 1; 3; 6000000000; 1; n_drain; 0.0001275720936; 1.969971726E-07
6; 1; 4; 8000000000; 1; n_drain; 4.019350791E-06; 1.135621177E-08
6; 2; 0; 0; 0; n_gate; -0.06099999878; 0
6; 2; 1; 2000000000; 0; n_gate; 0.007506780798; 7.96498284E-15
6; 2; 2; 4000000000; 0; n_gate; 1.734723476E-18; -1.734723476E-18
6; 2; 3; 6000000000; 0; n_gate; -3.035373439E-19; 1.543770198E-18
6; 2; 4; 8000000000; 0; n_gate; 0; -0
6; 2; 0; 0; 1; n_drain; 0.05179812894; 0
6; 2; 1; 2000000000; 1; n_drain; 0.02398300687; 1.107516905E-05
6; 2; 2; 4000000000; 1; n_drain; 0.002691523842; 2.551032519E-06
6; 2; 3; 6000000000; 1; n_drain; 0.0001800951844; 2.798522717E-07
6; 2; 4; 8000000000; 1; n_drain; 6.332165447E-06; 1.806175712E-08
6; 3; 0; 0; 0; n_gate; -0.06099999878; 0
6; 3; 1; 2000000000; 0; n_gate; 0.008422746588; 8.937729029E-15
6; 3; 2; 4000000000; 0; n_gate; 0; 1.734723476E-18
6; 3; 3; 6000000000; 0; n_gate; 3.556882228E-19; 2.801053519E-18
6; 3; 4; 8000000000; 0; n_gate; 0; -0
6; 3; 0; 0; 1; n_drain; 0.05249954063; 0
6; 3; 1; 2000000000; 1; n_drain; 0.02706620633; 1.258097685E-05
6; 3; 2; 4000000000; 1; n_drain; 0.003396611419; 3.241660407E-06
6; 3; 3; 6000000000; 1; n_drain; 0.000254196323; 3.981198319E-07
6; 3; 4; 8000000000; 1; n_drain; 9.959442985E-06; 2.875113329E-08
6; 4; 0; 0; 0; n_gate; -0.06099999878; 0
6; 4; 1; 2000000000; 0; n_gate; 0.009450477107; 1.003017114E-14
6; 4; 2; 4000000000; 0; n_gate; -1.226634733E-18; -1.226634733E-18
6; 4; 3; 6000000000; 0; n_gate; -4.179093035E-18; -1.364405279E-19
6; 4; 4; 8000000000; 0; n_gate; 0; -0
6; 4; 0; 0; 1; n_drain; 0.05338608158; 0
6; 4; 1; 2000000000; 1; n_drain; 0.03059003648; 1.433581255E-05
6; 4; 2; 4000000000; 1; n_drain; 0.004288909027; 4.128866813E-06
6; 4; 3; 6000000000; 1; n_drain; 0.0003586977928; 5.673629619E-07
6; 4; 4; 8000000000; 1; n_drain; 1.563132645E-05; 4.581406043E-08
6; 5; 0; 0; 0; n_gate; -0.06099999878; 0
6; 5; 1; 2000000000; 0; n_gate; 0.01060360972; 1.124968174E-14
6; 5; 2; 4000000000; 0; n_gate; 0; -0
6; 5; 3; 6000000000; 0; n_gate; -2.33990276E-20; -5.269581406E-19
6; 5; 4; 8000000000; 0; n_gate; 0; -0
6; 5; 0; 0; 1; n_drain; 0.05450764764; 0
6; 5; 1; 2000000000; 1; n_drain; 0.03463459318; 1.639820623E-05
6; 5; 2; 4000000000; 1; n_drain; 0.005419463586; 5.274078338E-06
6; 5; 3; 6000000000; 1; n_drain; 0.0005059876711; 8.103010199E-07
6; 5; 4; 8000000000; 1; n_drain; 2.446569387E-05; 7.309428081E-08
6; 6; 0; 0; 0; n_gate; -0.06099999878; 0
6; 6; 1; 2000000000; 0; n_gate; 0.01189744578; 1.262271537E-14
6; 6; 2; 4000000000; 0; n_gate; -1.226634733E-18; 1.226634733E-18
6; 6; 3; 6000000000; 0; n_gate; 3.415379299E-19; 6.741459639E-19
6; 6; 4; 8000000000; 0; n_gate; 0; -0
6; 6; 0; 0; 1; n_drain; 0.05592810423; 0
6; 6; 1; 2000000000; 1; n_drain; 0.03930037636; 1.884635102E-05
6; 6; 2; 4000000000; 1; n_drain; 0.006853898587; 6.760908847E-06
6; 6; 3; 6000000000; 1; n_drain; 0.0007134189396; 1.16032505E-06
6; 6; 4; 8000000000; 1; n_drain; 3.815464623E-05; 1.167917074E-07
6; 7; 0; 0; 0; n_gate; -0.06099999878; 0
6; 7; 1; 2000000000; 0; n_gate; 0.01334915373; 1.416314982E-14
6; 7; 2; 4000000000; 0; n_gate; -1.226634733E-18; -1.226634733E-18
6; 7; 3; 6000000000; 0; n_gate; 8.67361738E-19; -8.67361738E-19
6; 7; 4; 8000000000; 0; n_gate; 0; -0
6; 7; 0; 0; 1; n_drain; 0.05772941818; 0
6; 7; 1; 2000000000; 1; n_drain; 0.04471493668; 2.178633611E-05
6; 7; 2; 4000000000; 1; n_drain; 0.008676833385; 8.704679524E-06
6; 7; 3; 6000000000; 1; n_drain; 0.001005212203; 1.666885471E-06
6; 7; 4; 8000000000; 1; n_drain; 5.921840068E-05; 1.869351065E-07
6; 8; 0; 0; 0; n_gate; -0.06099999878; 0
6; 8; 1; 2000000000; 0; n_gate; 0.01497799683; 1.589006704E-14
6; 8; 2; 4000000000; 0; n_gate; 0; -0
6; 8; 3; 6000000000; 0; n_gate; 5.501253668E-19; 1.582998323E-18
6; 8; 4; 8000000000; 0; n_gate; 0; -0
6; 8; 0; 0; 1; n_drain; 0.06001705786; 0
6; 8; 1; 2000000000; 1; n_drain; 0.05104181155; 2.536425536E-05
6; 8; 2; 4000000000; 1; n_drain; 0.01099766871; 1.12666761E-05
6; 8; 3; 6000000000; 1; n_drain; 0.001414991541; 2.403827958E-06
6; 8; 4; 8000000000; 1; n_drain; 9.132260595E-05; 2.997929503E-07
6; 9; 0; 0; 0; n_gate; -0.06099999878; 0
6; 9; 1; 2000000000; 0; n_gate; 0.01680558886; 1.783295733E-14
6; 9; 2; 4000000000; 0; n_gate; -1.226634733E-18; -5.080887426E-19
6; 9; 3; 6000000000; 0; n_gate; 1.839199309E-18; -6.784138046E-20
6; 9; 4; 8000000000; 0; n_gate; 0; -0
6; 9; 0; 0; 1; n_drain; 0.06292699888; 0
6; 9; 1; 2000000000; 1; n_drain; 0.05849238724; 2.97841305E-05
6; 9; 2; 4000000000; 1; n_drain; 0.01395806029; 1.467570291E-05
6; 9; 3; 6000000000; 1; n_drain; 0.001989051494; 3.482391267E-06
6; 9; 4; 8000000000; 1; n_drain; 0.0001396075824; 4.818119991E-07
6; 10; 0; 0; 0; n_gate; -0.06099999878; 0
6; 10; 1; 2000000000; 0; n_gate; 0.01885618083; 2.000656585E-14
6; 10; 2; 4000000000; 0; n_gate; 2.961358209E-18; -1.226634733E-18
6; 10; 3; 6000000000; 0; n_gate; 7.34411245E-19; 6.68387264E-19
6; 10; 4; 8000000000; 0; n_gate; 0; -0
6; 10; 0; 0; 1; n_drain; 0.0666346547; 0
6; 10; 1; 2000000000; 1; n_drain; 0.06734127501; 3.533453512E-05
6; 10; 2; 4000000000; 1; n_drain; 0.01774130018; 1.926085684E-05
6; 10; 3; 6000000000; 1; n_drain; 0.002790316927; 5.071562199E-06
6; 10; 4; 8000000000; 1; n_drain; 0.0002108568414; 7.76017262E-07
7; -50; 0; 0; 0; n_gate; -0.06099999878; 0
7; -50; 1; 2000000000; 0; n_gate; 1.885618083E-05; 1.830268792E-17
7; -50; 2; 4000000000; 0; n_gate; 0; -0
7; -50; 3; 6000000000; 0; n_gate; -1.924931006E-18; 6.440571645E-19
7; -50; 4; 8000000000; 0; n_gate; 0; -0
7; -50; 0; 0; 1; n_drain; 0.04911305042; 0
7; -50; 1; 2000000000; 1; n_drain; 5.886419334E-05; 1.919277134E-08
7; -50; 2; 4000000000; 1; n_drain; 1.680897557E-08; 1.147657149E-11
7; -50; 3; 6000000000; 1; n_drain; 2.859684306E-12; -1.097080927E-14
7; -50; 4; 8000000000; 1; n_drain; -3.469446952E-18; -3.469446952E-18
7; -20; 0; 0; 0; n_gate; -0.06099999878; 0
7; -20; 1; 2000000000; 0; n_gate; 0.000596284794; 6.328488081E-16
7; -20; 2; 4000000000; 0; n_gate; 0; -0
7; -20; 3; 6000000000; 0; n_gate; 7.611569041E-19; 2.042333981E-18
7; -20; 4; 8000000000; 0; n_gate; 0; -0
7; -20; 0; 0; 1; n_drain; 0.04912984304; 0
7; -20; 1; 2000000000; 1; n_drain; 0.001861720231; 6.071200389E-07
7; -20; 2; 4000000000; 1; n_drain; 1.680997373E-05; 1.136562517E-08
7; -20; 3; 6000000000; 1; n_drain; 9.03969144E-08; 1.011587417E-10
7; -20; 4; 8000000000; 1; n_drain; 2.58807073E-10; 5.012726345E-13
7; -19; 0; 0; 0; n_gate; -0.06099999878; 0
7; -19; 1; 2000000000; 0; n_gate; 0.0006690425429; 7.087429602E-16
7; -19; 2; 4000000000; 0; n_gate; 0; -0
7; -19; 3; 6000000000; 0; n_gate; 2.782939092E-19; 2.771458602E-19
7; -19; 4; 8000000000; 0; n_gate; 0; -0
7; -19; 0; 0; 1; n_drain; 0.04913419569; 0
7; -19; 1; 2000000000; 1; n_drain; 0.002088963261; 6.812509173E-07
7; -19; 2; 4000000000; 1; n_drain; 2.116283867E-05; 1.430924626E-08
7; -19; 3; 6000000000; 1; n_drain; 1.276884981E-07; 1.429796407E-10
7; -19; 4; 8000000000; 1; n_drain; 4.101476311E-10; 8.674762297E-13
7; -18; 0; 0; 0; n_gate; -0.06099999878; 0
7; -18; 1; 2000000000; 0; n_gate; 0.0007506780798; 7.962380755E-16
7; -18; 2; 4000000000; 0; n_gate; 0; -0
7; -18; 3; 6000000000; 0; n_gate; 5.9343084E-19; -1.036103934E-18
7; -18; 4; 8000000000; 0; n_gate; 0; -0
7; -18; 0; 0; 1; n_drain; 0.04913967549; 0
7; -18; 1; 2000000000; 1; n_drain; 0.002343966648; 7.644527976E-07
7; -18; 2; 4000000000; 1; n_drain; 2.664297097E-05; 1.801565072E-08
7; -18; 3; 6000000000; 1; n_drain; 1.803638414E-07; 2.019013972E-10
7; -18; 4; 8000000000; 1; n_drain; 6.500633885E-10; 1.337794459E-12
7; -17; 0; 0; 0; n_gate; -0.06099999878; 0
7; -17; 1; 2000000000; 0; n_gate; 0.0008422746588; 8.944125822E-16
7; -17; 2; 4000000000; 0; n_gate; 0; -0
7; -17; 3; 6000000000; 0; n_gate; -5.489941186E-19; -1.314670794E-18
7; -17; 4; 8000000000; 0; n_gate; 0; -0
7; -17; 0; 0; 1; n_drain; 0.04914657438; 0
7; -17; 1; 2000000000; 1; n_drain; 0.002630131077; 8.578384296E-07
7; -17; 2; 4000000000; 1; n_drain; 3.354236197E-05; 2.268256566E-08
7; -17; 3; 6000000000; 1; n_drain; 2.547691239E-07; 2.852430151E-10
7; -17; 4; 8000000000; 1; n_drain; 1.030157393E-09; 2.116824077E-12
7; -16; 0; 0; 0; n_gate; -0.06099999878; 0
7; -16; 1; 2000000000; 0; n_gate; 0.0009450477107; 1.001640177E-15
7; -16; 2; 4000000000; 0; n_gate; 0; -0
7; -16; 3; 6000000000; 0; n_gate; -1.089630686E-18; -4.108361181E-19
7; -16; 4; 8000000000; 0; n_gate; 0; -0
7; -16; 0; 0; 1; n_drain; 0.04915525995; 0
7; -16; 1; 2000000000; 1; n_drain; 0.002951277713; 9.626636046E-07
7; -16; 2; 4000000000; 1; n_drain; 4.222867695E-05; 2.855907205E-08
7; -16; 3; 6000000000; 1; n_drain; 3.598681154E-07; 4.029311088E-10
7; -16; 4; 8000000000; 1; n_drain; 1.632602855E-09; 3.3668901E-12
7; -15; 0; 0; 0; n_gate; -0.06099999878; 0
7; -15; 1; 2000000000; 0; n_gate; 0.001060360972; 1.1277871E-15
7; -15; 2; 4000000000; 0; n_gate; 0; -0
7; -15; 3; 6000000000; 0; n_gate; -2.263113581E-18; 4.204432955E-19
7; -15; 4; 8000000000; 0; n_gate; 0; -0
7; -15; 0; 0; 1; n_drain; 0.04916619502; 0
7; -15; 1; 2000000000; 1; n_drain; 0.003311701789; 1.080342458E-06
7; -15; 2; 4000000000; 1; n_drain; 5.316488612E-05; 3.595915076E-08
7; -15; 3; 6000000000; 1; n_drain; 5.083221858E-07; 5.692515332E-10
7; -15; 4; 8000000000; 1; n_drain; 2.58710519E-09; 5.328400915E-12
7; -14; 0; 0; 0; n_gate; -0.06099999878; 0
7; -14; 1; 2000000000; 0; n_gate; 0.001189744578; 1.26244501E-15
7; -14; 2; 4000000000; 0; n_gate; 0; -0
7; -14; 3; 6000000000; 0; n_gate; -4.241465413E-19; -5.16869648E-19
7; -14; 4; 8000000000; 0; n_gate; 0; -0
7; -14; 0; 0; 1; n_drain; 0.04917996239; 0
7; -14; 1; 2000000000; 1; n_drain; 0.003716233697; 1.212492677E-06
7; -14; 2; 4000000000; 1; n_drain; 6.693401234E-05; 4.527942135E-08
7; -14; 3; 6000000000; 1; n_drain; 7.180153899E-07; 8.042560622E-10
7; -14; 4; 8000000000; 1; n_drain; 4.099775092E-09; 8.454389966E-12
7; -13; 0; 0; 0; n_gate; -0.06099999878; 0
7; -13; 1; 2000000000; 0; n_gate; 0.001334915373; 1.415751197E-15
7; -13; 2; 4000000000; 0; n_gate; 0; -0
7; -13; 3; 6000000000; 0; n_gate; 1.131710233E-18; -1.705476234E-18
7; -13; 4; 8000000000; 0; n_gate; 0; -0
7; -13; 0; 0; 1; n_drain; 0.04919729597; 0
7; -13; 1; 2000000000; 1; n_drain; 0.00417030875; 1.360877341E-06
7; -13; 2; 4000000000; 1; n_drain; 8.427028169E-05; 5.701742432E-08
7; -13; 3; 6000000000; 1; n_drain; 1.014207793E-06; 1.136257281E-09
7; -13; 4; 8000000000; 1; n_drain; 6.496544282E-09; 1.341222272E-11
7; -12; 0; 0; 0; n_gate; -0.06099999878; 0
7; -12; 1; 2000000000; 0; n_gate; 0.001497799683; 1.591175108E-15
7; -12; 2; 4000000000; 0; n_gate; 0; -0
7; -12; 3; 6000000000; 0; n_gate; -2.032855001E-18; -1.661680757E-18
7; -12; 4; 8000000000; 0; n_gate; 0; -0
7; -12; 0; 0; 1; n_drain; 0.04921912; 0
7; -12; 1; 2000000000; 1; n_drain; 0.004680047552; 1.527548478E-06
7; -12; 2; 4000000000; 1; n_drain; 0.0001060984803; 7.180284679E-08
7; -12; 3; 6000000000; 1; n_drain; 1.43257802E-06; 1.605345198E-09
7; -12; 4; 8000000000; 1; n_drain; 1.029388984E-08; 2.126229054E-11
7; -11; 0; 0; 0; n_gate; -0.06099999878; 0
7; -11; 1; 2000000000; 0; n_gate; 0.001680558886; 1.783620994E-15
7; -11; 2; 4000000000; 0; n_gate; 1.226634733E-18; -1.226634733E-18
7; -11; 3; 6000000000; 0; n_gate; 3.012883599E-18; -2.783293047E-18
7; -11; 4; 8000000000; 0; n_gate; 0; -0
7; -11; 0; 0; 1; n_drain; 0.04924659854; 0
7; -11; 1; 2000000000; 1; n_drain; 0.005252348611; 1.714812207E-06
7; -11; 2; 4000000000; 1; n_drain; 0.0001335835104; 9.042959171E-08
7; -11; 3; 6000000000; 1; n_drain; 2.023519479E-06; 2.268324645E-09
7; -11; 4; 8000000000; 1; n_drain; 1.63100176E-08; 3.370778309E-11
7; -10; 0; 0; 0; n_gate; -0.06099999878; 0
7; -10; 1; 2000000000; 0; n_gate; 0.001885618083; 2.00100353E-15
7; -10; 2; 4000000000; 0; n_gate; 0; -0
7; -10; 3; 6000000000; 0; n_gate; -4.297265555E-21; 2.025895755E-18
7; -10; 4; 8000000000; 0; n_gate; 0; -0
7; -10; 0; 0; 1; n_drain; 0.04928119787; 0
7; -10; 1; 2000000000; 1; n_drain; 0.005894996109; 1.925286709E-06
7; -10; 2; 4000000000; 1; n_drain; 0.0001681929641; 1.138997674E-07
7; -10; 3; 6000000000; 1; n_drain; 2.858206704E-06; 3.205320085E-09
7; -10; 4; 8000000000; 1; n_drain; 2.584025564E-08; 5.343805259E-11
7; -9; 0; 0; 0; n_gate; -0.06099999878; 0
7; -9; 1; 2000000000; 0; n_gate; 0.002115698287; 2.244298497E-15
7; -9; 2; 4000000000; 0; n_gate; 0; -0
7; -9; 3; 6000000000; 0; n_gate; 2.555672211E-18; -8.567965567E-19
7; -9; 4; 8000000000; 0; n_gate; 0; -0
7; -9; 0; 0; 1; n_drain; 0.04932476518; 0
7; -9; 1; 2000000000; 1; n_drain; 0.006616786074; 2.161953589E-06
7; -9; 2; 4000000000; 1; n_drain; 0.0002117761188; 1.43479544E-07
7; -9; 3; 6000000000; 1; n_drain; 4.037162662E-06; 4.529789808E-09
7; -9; 4; 8000000000; 1; n_drain; 4.093527936E-08; 8.469278751E-11
7; -8; 0; 0; 0; n_gate; -0.06099999878; 0
7; -8; 1; 2000000000; 0; n_gate; 0.002373852522; 2.519685849E-15
7; -8; 2; 4000000000; 0; n_gate; 0; -0
7; -8; 3; 6000000000; 0; n_gate; 2.182275298E-18; -4.566151347E-19
7; -8; 4; 8000000000; 0; n_gate; 0; -0
7; -8; 0; 0; 1; n_drain; 0.04937962796; 0
7; -8; 1; 2000000000; 1; n_drain; 0.007427675423; 2.428219822E-06
7; -8; 2; 4000000000; 1; n_drain; 0.0002666637494; 1.807700167E-07
7; -8; 3; 6000000000; 1; n_drain; 5.702355435E-06; 6.402293463E-09
7; -8; 4; 8000000000; 1; n_drain; 6.484070352E-08; 1.342735853E-10
7; -7; 0; 0; 0; n_gate; -0.06099999878; 0
7; -7; 1; 2000000000; 0; n_gate; 0.002663506337; 2.826081383E-15
7; -7; 2; 4000000000; 0; n_gate; 1.734723476E-18; -0
7; -7; 3; 6000000000; 0; n_gate; -1.043733068E-18; -1.009600186E-19
7; -7; 4; 8000000000; 0; n_gate; 0; -0
7; -7; 0; 0; 1; n_drain; 0.0494487195; 0
7; -7; 1; 2000000000; 1; n_drain; 0.008338959717; 2.727995828E-06
7; -7; 2; 4000000000; 1; n_drain; 0.0003357943535; 2.277978524E-07
7; -7; 3; 6000000000; 1; n_drain; 8.054275734E-06; 9.050417613E-09
7; -7; 4; 8000000000; 1; n_drain; 1.026908526E-07; 2.129322725E-10
7; -6; 0; 0; 0; n_gate; -0.06099999878; 0
7; -6; 1; 2000000000; 0; n_gate; 0.002988503263; 3.172592397E-15
7; -6; 2; 4000000000; 0; n_gate; 1.734723476E-18; -0
7; -6; 3; 6000000000; 0; n_gate; -1.147976163E-18; 2.026322177E-18
7; -6; 4; 8000000000; 0; n_gate; 0; -0
7; -6; 0; 0; 1; n_drain; 0.04953573765; 0
7; -6; 1; 2000000000; 1; n_drain; 0.009363487481; 3.065793059E-06
7; -6; 2; 4000000000; 1; n_drain; 0.0004228739623; 2.871323018E-07
7; -6; 3; 6000000000; 1; n_drain; 1.13760449E-05; 1.279627153E-08
7; -6; 4; 8000000000; 1; n_drain; 1.626048767E-07; 3.377108662E-10
7; -5; 0; 0; 0; n_gate; -0.06099999878; 0
7; -5; 1; 2000000000; 0; n_gate; 0.003353155812; 3.559435732E-15
7; -5; 2; 4000000000; 0; n_gate; 0; -0
7; -5; 3; 6000000000; 0; n_gate; -1.566943593E-18; 2.525723555E-19
7; -5; 4; 8000000000; 0; n_gate; 0; -0
7; -5; 0; 0; 1; n_drain; 0.04964534563; 0
7; -5; 1; 2000000000; 1; n_drain; 0.01051592166; 3.446849168E-06
7; -5; 2; 4000000000; 1; n_drain; 0.0005325787474; 3.620360421E-07
7; -5; 3; 6000000000; 1; n_drain; 1.606743843E-05; 1.809687618E-08
7; -5; 4; 8000000000; 1; n_drain; 2.574135197E-07; 5.357010599E-10
7; -4; 0; 0; 0; n_gate; -0.06099999878; 0
7; -4; 1; 2000000000; 0; n_gate; 0.003762302702; 3.994851325E-15
7; -4; 2; 4000000000; 0; n_gate; 0; -0
7; -4; 3; 6000000000; 0; n_gate; -1.536883334E-18; -1.867899602E-18
7; -4; 4; 8000000000; 0; n_gate; 0; -0
7; -4; 0; 0; 1; n_drain; 0.04978342664; 0
7; -4; 1; 2000000000; 1; n_drain; 0.01181306257; 3.877290096E-06
7; -4; 2; 4000000000; 1; n_drain; 0.0006708123204; 4.566610509E-07
7; -4; 3; 6000000000; 1; n_drain; 2.269289408E-05; 2.560112209E-08
7; -4; 4; 8000000000; 1; n_drain; 4.073779501E-07; 8.49880593E-10
7; -3; 0; 0; 0; n_gate; -0.06099999878; 0
7; -3; 1; 2000000000; 0; n_gate; 0.004221373062; 4.477971813E-15
7; -3; 2; 4000000000; 0; n_gate; 1.734723476E-18; 1.734723476E-18
7; -3; 3; 6000000000; 0; n_gate; -2.49852425E-19; -2.677183855E-19
7; -3; 4; 8000000000; 0; n_gate; 0; -0
7; -3; 0; 0; 1; n_drain; 0.04995740692; 0
7; -3; 1; 2000000000; 1; n_drain; 0.01327425199; 4.364343171E-06
7; -3; 2; 4000000000; 1; n_drain; 0.0008450331557; 5.763054897E-07
7; -3; 3; 6000000000; 1; n_drain; 3.204922806E-05; 3.623114672E-08
7; -3; 4; 8000000000; 1; n_drain; 6.444616745E-07; 1.348597158E-09
7; -2; 0; 0; 0; n_gate; -0.06099999878; 0
7; -2; 1; 2000000000; 0; n_gate; 0.004736458478; 5.025927591E-15
7; -2; 2; 4000000000; 0; n_gate; 1.226634733E-18; 1.226634733E-18
7; -2; 3; 6000000000; 0; n_gate; 1.188947156E-18; -4.152042236E-19
7; -2; 4; 8000000000; 0; n_gate; 0; -0
7; -2; 0; 0; 1; n_drain; 0.05017666674; 0
7; -2; 1; 2000000000; 1; n_drain; 0.01492188544; 4.91662078E-06
7; -2; 2; 4000000000; 1; n_drain; 0.001064672274; 7.277518453E-07
7; -2; 3; 6000000000; 1; n_drain; 4.526110741E-05; 5.12999108E-08
7; -2; 4; 8000000000; 1; n_drain; 1.019026897E-06; 2.140776327E-09
7; -1; 0; 0; 0; n_gate; -0.06099999878; 0
7; -1; 1; 2000000000; 0; n_gate; 0.00531439382; 5.638718659E-15
7; -1; 2; 4000000000; 0; n_gate; 4.187992943E-18; -0
7; -1; 3; 6000000000; 0; n_gate; -3.791307691E-19; 7.045042372E-19
7; -1; 4; 8000000000; 0; n_gate; 0; -0
7; -1; 0; 0; 1; n_drain; 0.05045306412; 0
7; -1; 1; 2000000000; 1; n_drain; 0.01678206967; 5.544502562E-06
7; -1; 2; 4000000000; 1; n_drain; 0.001341667627; 9.197179993E-07
7; -1; 3; 6000000000; 1; n_drain; 6.391557461E-05; 7.268004289E-08
7; -1; 4; 8000000000; 1; n_drain; 1.610297721E-06; 3.39955171E-09
7; 0; 0; 0; 0; n_gate; -0.06099999878; 0
7; 0; 1; 2000000000; 0; n_gate; 0.00596284794; 6.325669155E-15
7; 0; 2; 4000000000; 0; n_gate; 0; 7.185459907E-19
7; 0; 3; 6000000000; 0; n_gate; 2.324522064E-18; -5.798729552E-19
7; 0; 4; 8000000000; 0; n_gate; 0; -0
7; 0; 0; 0; 1; n_drain; 0.05080160437; 0
7; 0; 1; 2000000000; 1; n_drain; 0.01888547708; 6.260657144E-06
7; 0; 2; 4000000000; 1; n_drain; 0.001691150119; 1.163464122E-06
7; 0; 3; 6000000000; 1; n_drain; 9.025143652E-05; 1.030491236E-07
7; 0; 4; 8000000000; 1; n_drain; 2.542644942E-06; 5.401266837E-09
7; 1; 0; 0; 0; n_gate; -0.06099999878; 0
7; 1; 1; 2000000000; 0; n_gate; 0.006690425429; 7.098922145E-15
7; 1; 2; 4000000000; 0; n_gate; 1.226634733E-18; 1.226634733E-18
7; 1; 3; 6000000000; 0; n_gate; 4.051901242E-18; -1.033415E-19
7; 1; 4; 8000000000; 0; n_gate; 0; -0
7; 1; 0; 0; 1; n_drain; 0.05124129848; 0
7; 1; 1; 2000000000; 1; n_drain; 0.02126846794; 7.080761145E-06
7; 1; 2; 4000000000; 1; n_drain; 0.002132327751; 1.473619443E-06
7; 1; 3; 6000000000; 1; n_drain; 0.0001274255817; 1.46246648E-07
7; 1; 4; 8000000000; 1; n_drain; 4.010792454E-06; 8.586849416E-09
7; 2; 0; 0; 0; n_gate; -0.06099999878; 0
7; 2; 1; 2000000000; 0; n_gate; 0.007506780798; 7.96498284E-15
7; 2; 2; 4000000000; 0; n_gate; 1.734723476E-18; -1.734723476E-18
7; 2; 3; 6000000000; 0; n_gate; -3.035373439E-19; 1.543770198E-18
7; 2; 4; 8000000000; 0; n_gate; 0; -0
7; 2; 0; 0; 1; n_drain; 0.05179626781; 0
7; 2; 1; 2000000000; 1; n_drain; 0.02397457898; 8.024501809E-06
7; 2; 2; 4000000000; 1; n_drain; 0.002689630024; 1.869324291E-06
7; 2; 3; 6000000000; 1; n_drain; 0.0001798868432; 2.077983372E-07
7; 2; 4; 8000000000; 1; n_drain; 6.318554229E-06; 1.366165769E-08
7; 3; 0; 0; 0; n_gate; -0.06099999878; 0
7; 3; 1; 2000000000; 0; n_gate; 0.008422746588; 8.935560625E-15
7; 3; 2; 4000000000; 0; n_gate; 0; 1.734723476E-18
7; 3; 3; 6000000000; 0; n_gate; 5.512596993E-19; 7.158622175E-19
7; 3; 4; 8000000000; 0; n_gate; 0; -0
7; 3; 0; 0; 1; n_drain; 0.05249717126; 0
7; 3; 1; 2000000000; 1; n_drain; 0.02705651425; 9.116988347E-06
7; 3; 2; 4000000000; 1; n_drain; 0.003394196066; 2.375828496E-06
7; 3; 3; 6000000000; 1; n_drain; 0.0002538995693; 2.956902933E-07
7; 3; 4; 8000000000; 1; n_drain; 9.937778192E-06; 2.175597668E-08
7; 4; 0; 0; 0; n_gate; -0.06099999878; 0
7; 4; 1; 2000000000; 0; n_gate; 0.009450477107; 1.002930378E-14
7; 4; 2; 4000000000; 0; n_gate; 0; -0
7; 4; 3; 6000000000; 0; n_gate; -1.68682414E-19; -3.066960674E-18
7; 4; 4; 8000000000; 0; n_gate; 0; -0
7; 4; 0; 0; 1; n_drain; 0.05338305675; 0
7; 4; 1; 2000000000; 1; n_drain; 0.03057882456; 1.039075884E-05
7; 4; 2; 4000000000; 1; n_drain; 0.004285818613; 3.026763221E-06
7; 4; 3; 6000000000; 1; n_drain; 0.0003582742443; 4.215250517E-07
7; 4; 4; 8000000000; 1; n_drain; 1.559680899E-05; 3.468566415E-08
7; 5; 0; 0; 0; n_gate; -0.06099999878; 0
7; 5; 1; 2000000000; 0; n_gate; 0.01060360972; 1.124968174E-14
7; 5; 2; 4000000000; 0; n_gate; 0; -0
7; 5; 3; 6000000000; 0; n_gate; -2.33990276E-20; -5.269581406E-19
7; 5; 4; 8000000000; 0; n_gate; 0; -0
7; 5; 0; 0; 1; n_drain; 0.05450377277; 0
7; 5; 1; 2000000000; 1; n_drain; 0.03462152958; 1.188866211E-05
7; 5; 2; 4000000000; 1; n_drain; 0.005415493787; 3.867417694E-06
7; 5; 3; 6000000000; 1; n_drain; 0.0005053816384; 6.022617343E-07
7; 5; 4; 8000000000; 1; n_drain; 2.441063491E-05; 5.537623765E-08
7; 6; 0; 0; 0; n_gate; -0.06099999878; 0
7; 6; 1; 2000000000; 0; n_gate; 0.01189744578; 1.262184801E-14
7; 6; 2; 4000000000; 0; n_gate; 0; 2.453269467E-18
7; 6; 3; 6000000000; 0; n_gate; -8.05875087E-19; -1.633870105E-18
7; 6; 4; 8000000000; 0; n_gate; 0; -0
7; 6; 0; 0; 1; n_drain; 0.05592311946; 0
7; 6; 1; 2000000000; 1; n_drain; 0.03928502282; 1.36680356E-05
7; 6; 2; 4000000000; 1; n_drain; 0.006848774451; 4.959535044E-06
7; 6; 3; 6000000000; 1; n_drain; 0.0007125491605; 8.628643873E-07
7; 6; 4; 8000000000; 1; n_drain; 3.806670333E-05; 8.855631324E-08
7; 7; 0; 0; 0; n_gate; -0.06099999878; 0
7; 7; 1; 2000000000; 0; n_gate; 0.01334915373; 1.416314982E-14
7; 7; 2; 4000000000; 0; n_gate; -1.226634733E-18; -1.226634733E-18
7; 7; 3; 6000000000; 0; n_gate; 8.67361738E-19; -8.67361738E-19
7; 7; 4; 8000000000; 0; n_gate; 0; -0
7; 7; 0; 0; 1; n_drain; 0.0577229725; 0
7; 7; 1; 2000000000; 1; n_drain; 0.04469670406; 1.580681947E-05
7; 7; 2; 4000000000; 1; n_drain; 0.008670180292; 6.388433046E-06
7; 7; 3; 6000000000; 1; n_drain; 0.00100395932; 1.240376019E-06
7; 7; 4; 8000000000; 1; n_drain; 5.907772215E-05; 1.418949068E-07
7; 8; 0; 0; 0; n_gate; -0.06099999878; 0
7; 8; 1; 2000000000; 0; n_gate; 0.01497799683; 1.589353649E-14
7; 8; 2; 4000000000; 0; n_gate; -1.226634733E-18; 1.226634733E-18
7; 8; 3; 6000000000; 0; n_gate; -1.96705809E-19; 3.60284871E-18
7; 8; 4; 8000000000; 0; n_gate; 0; -0
7; 8; 0; 0; 1; n_drain; 0.06000867111; 0
7; 8; 1; 2000000000; 1; n_drain; 0.051019894; 1.841258226E-05
7; 8; 2; 4000000000; 1; n_drain; 0.01098896923; 8.273707335E-06
7; 8; 3; 6000000000; 1; n_drain; 0.00141317896; 1.79025038E-06
7; 8; 4; 8000000000; 1; n_drain; 9.10972063E-05; 2.278743896E-07
7; 9; 0; 0; 0; n_gate; -0.06099999878; 0
7; 9; 1; 2000000000; 0; n_gate; 0.01680558886; 1.783295733E-14
7; 9; 2; 4000000000; 0; n_gate; -1.226634733E-18; -5.080887426E-19
7; 9; 3; 6000000000; 0; n_gate; 1.839199309E-18; -6.784138046E-20
7; 9; 4; 8000000000; 0; n_gate; 0; -0
7; 9; 0; 0; 1; n_drain; 0.0629160051; 0
7; 9; 1; 2000000000; 1; n_drain; 0.05846566344; 2.163594445E-05
7; 9; 2; 4000000000; 1; n_drain; 0.01394658929; 1.078549377E-05
7; 9; 3; 6000000000; 1; n_drain; 0.001986415896; 2.596278771E-06
7; 9; 4; 8000000000; 1; n_drain; 0.0001392458733; 3.66875464E-07
7; 10; 0; 0; 0; n_gate; -0.06099999878; 0
7; 10; 1; 2000000000; 0; n_gate; 0.01885618083; 2.000656585E-14
7; 10; 2; 4000000000; 0; n_gate; 2.961358209E-18; -1.226634733E-18
7; 10; 3; 6000000000; 0; n_gate; 7.34411245E-19; 6.68387264E-19
7; 10; 4; 8000000000; 0; n_gate; 0; -0
7; 10; 0; 0; 1; n_drain; 0.06662011698; 0
7; 10; 1; 2000000000; 1; n_drain; 0.06730815916; 2.569064162E-05
7; 10; 2; 4000000000; 1; n_drain; 0.0177260263; 1.416934371E-05
7; 10; 3; 6000000000; 1; n_drain; 0.002786462617; 3.78624701E-06
7; 10; 4; 8000000000; 1; n_drain; 0.0002102756592; 5.922428898E-07
8; -50; 0; 0; 0; n_gate; -0.06099999878; 0
8; -50; 1; 2000000000; 0; n_gate; 1.885618083E-05; 2.254632299E-17
8; -50; 2; 4000000000; 0; n_gate; 0; -0
8; -50; 3; 6000000000; 0; n_gate; 5.8385756E-19; 1.488144191E-18
8; -50; 4; 8000000000; 0; n_gate; 0; -0
8; -50; 0; 0; 1; n_drain; 0.04911305042; 0
8; -50; 1; 2000000000; 1; n_drain; 5.885759356E-05; 9.120720104E-09
8; -50; 2; 4000000000; 1; n_drain; 1.680498387E-08; 5.471381087E-12
8; -50; 3; 6000000000; 1; n_drain; 2.848060478E-12; -1.750703145E-14
8; -50; 4; 8000000000; 1; n_drain; -2.499736529E-14; -3.469446952E-18
8; -20; 0; 0; 0; n_gate; -0.06099999878; 0
8; -20; 1; 2000000000; 0; n_gate; 0.000596284794; 6.328488081E-16
8; -20; 2; 4000000000; 0; n_gate; 0; -0
8; -20; 3; 6000000000; 0; n_gate; 7.611569041E-19; 2.042333981E-18
8; -20; 4; 8000000000; 0; n_gate; 0; -0
8; -20; 0; 0; 1; n_drain; 0.04912983918; 0
8; -20; 1; 2000000000; 1; n_drain; 0.0018615114; 2.8851186E-07
8; -20; 2; 4000000000; 1; n_drain; 1.680600871E-05; 5.421781649E-09
8; -20; 3; 6000000000; 1; n_drain; 9.03610349E-08; 4.84538609E-11
8; -20; 4; 8000000000; 1; n_drain; 2.58610109E-10; 2.422020917E-13
8; -19; 0; 0; 0; n_gate; -0.06099999878; 0
8; -19; 1; 2000000000; 0; n_gate; 0.0006690425429; 7.087429602E-16
8; -19; 2; 4000000000; 0; n_gate; 0; -0
8; -19; 3; 6000000000; 0; n_gate; 2.782939092E-19; 2.771458602E-19
8; -19; 4; 8000000000; 0; n_gate; 0; -0
8; -19; 0; 0; 1; n_drain; 0.04913419082; 0
8; -19; 1; 2000000000; 1; n_drain; 0.002088728911; 3.237399457E-07
8; -19; 2; 4000000000; 1; n_drain; 2.115784658E-05; 6.826000529E-09
8; -19; 3; 6000000000; 1; n_drain; 1.276377769E-07; 6.847675674E-11
8; -19; 4; 8000000000; 1; n_drain; 4.09835485E-10; 4.413483468E-13
8; -18; 0; 0; 0; n_gate; -0.06099999878; 0
8; -18; 1; 2000000000; 0; n_gate; 0.0007506780798; 7.968885968E-16
8; -18; 2; 4000000000; 0; n_gate; 0; -0
8; -18; 3; 6000000000; 0; n_gate; -7.041909398E-20; 5.665715797E-19
8; -18; 4; 8000000000; 0; n_gate; 0; -0
8; -18; 0; 0; 1; n_drain; 0.04913966936; 0
8; -18; 1; 2000000000; 1; n_drain; 0.002343703649; 3.632788035E-07
8; -18; 2; 4000000000; 1; n_drain; 2.663668567E-05; 8.594074188E-09
8; -18; 3; 6000000000; 1; n_drain; 1.802922501E-07; 9.677578555E-11
8; -18; 4; 8000000000; 1; n_drain; 6.49547055E-10; 5.989236884E-13
8; -17; 0; 0; 0; n_gate; -0.06099999878; 0
8; -17; 1; 2000000000; 0; n_gate; 0.0008422746588; 8.944125822E-16
8; -17; 2; 4000000000; 0; n_gate; 0; -0
8; -17; 3; 6000000000; 0; n_gate; -5.489941186E-19; -1.314670794E-18
8; -17; 4; 8000000000; 0; n_gate; 0; -0
8; -17; 0; 0; 1; n_drain; 0.04914656666; 0
8; -17; 1; 2000000000; 1; n_drain; 0.002629835909; 4.076571834E-07
8; -17; 2; 4000000000; 1; n_drain; 3.353444817E-05; 1.082031028E-08
8; -17; 3; 6000000000; 1; n_drain; 2.546680064E-07; 1.366808063E-10
8; -17; 4; 8000000000; 1; n_drain; 1.02939867E-09; 1.022976842E-12
8; -16; 0; 0; 0; n_gate; -0.06099999878; 0
8; -16; 1; 2000000000; 0; n_gate; 0.0009450477107; 1.001640177E-15
8; -16; 2; 4000000000; 0; n_gate; 0; -0
8; -16; 3; 6000000000; 0; n_gate; -1.089630686E-18; -4.108361181E-19
8; -16; 4; 8000000000; 0; n_gate; 0; -0
8; -16; 0; 0; 1; n_drain; 0.04915525023; 0
8; -16; 1; 2000000000; 1; n_drain; 0.00295094642; 4.574719171E-07
8; -16; 2; 4000000000; 1; n_drain; 4.221871236E-05; 1.362369582E-08
8; -16; 3; 6000000000; 1; n_drain; 3.597252793E-07; 1.93068803E-10
8; -16; 4; 8000000000; 1; n_drain; 1.631321519E-09; 1.636277919E-12
8; -15; 0; 0; 0; n_gate; -0.06099999878; 0
8; -15; 1; 2000000000; 0; n_gate; 0.001060360972; 1.1277871E-15
8; -15; 2; 4000000000; 0; n_gate; 0; -0
8; -15; 3; 6000000000; 0; n_gate; -2.263113581E-18; 4.204432955E-19
8; -15; 4; 8000000000; 0; n_gate; 0; -0
8; -15; 0; 0; 1; n_drain; 0.04916618278; 0
8; -15; 1; 2000000000; 1; n_drain; 0.003311329918; 5.133951036E-07
8; -15; 2; 4000000000; 1; n_drain; 5.315233876E-05; 1.715379132E-08
8; -15; 3; 6000000000; 1; n_drain; 5.081203395E-07; 2.72720389E-10
8; -15; 4; 8000000000; 1; n_drain; 2.585213366E-09; 2.592603215E-12
8; -14; 0; 0; 0; n_gate; -0.06099999878; 0
8; -14; 1; 2000000000; 0; n_gate; 0.001189744578; 1.26244501E-15
8; -14; 2; 4000000000; 0; n_gate; 0; -0
8; -14; 3; 6000000000; 0; n_gate; -4.241465413E-19; -5.16869648E-19
8; -14; 4; 8000000000; 0; n_gate; 0; -0
8; -14; 0; 0; 1; n_drain; 0.04917994698; 0
8; -14; 1; 2000000000; 1; n_drain; 0.003715816225; 5.761954814E-07
8; -14; 2; 4000000000; 1; n_drain; 6.691821169E-05; 2.159995558E-08
8; -14; 3; 6000000000; 1; n_drain; 7.177303176E-07; 3.853342451E-10
8; -14; 4; 8000000000; 1; n_drain; 4.096709982E-09; 4.079028781E-12
8; -13; 0; 0; 0; n_gate; -0.06099999878; 0
8; -13; 1; 2000000000; 0; n_gate; 0.001334915373; 1.415751197E-15
8; -13; 2; 4000000000; 0; n_gate; 0; -0
8; -13; 3; 6000000000; 0; n_gate; 1.131710233E-18; -1.705476234E-18
8; -13; 4; 8000000000; 0; n_gate; 0; -0
8; -13; 0; 0; 1; n_drain; 0.04919727657; 0
8; -13; 1; 2000000000; 1; n_drain; 0.004169840029; 6.467110822E-07
8; -13; 2; 4000000000; 1; n_drain; 8.425038302E-05; 2.719944557E-08
8; -13; 3; 6000000000; 1; n_drain; 1.013804921E-06; 5.443696729E-10
8; -13; 4; 8000000000; 1; n_drain; 6.491643646E-09; 6.494995514E-12
8; -12; 0; 0; 0; n_gate; -0.06099999878; 0
8; -12; 1; 2000000000; 0; n_gate; 0.001497799683; 1.591175108E-15
8; -12; 2; 4000000000; 0; n_gate; 0; -0
8; -12; 3; 6000000000; 0; n_gate; -2.032855001E-18; -1.661680757E-18
8; -12; 4; 8000000000; 0; n_gate; 0; -0
8; -12; 0; 0; 1; n_drain; 0.04921909556; 0
8; -12; 1; 2000000000; 1; n_drain; 0.004679521199; 7.259171121E-07
8; -12; 2; 4000000000; 1; n_drain; 0.0001060734185; 3.425267692E-08
8; -12; 3; 6000000000; 1; n_drain; 1.432008838E-06; 7.691110975E-10
8; -12; 4; 8000000000; 1; n_drain; 1.028620294E-08; 1.026683946E-11
8; -11; 0; 0; 0; n_gate; -0.06099999878; 0
8; -11; 1; 2000000000; 0; n_gate; 0.001680558886; 1.783620994E-15
8; -11; 2; 4000000000; 0; n_gate; 1.226634733E-18; -1.226634733E-18
8; -11; 3; 6000000000; 0; n_gate; 3.012883599E-18; -2.783293047E-18
8; -11; 4; 8000000000; 0; n_gate; 0; -0
8; -11; 0; 0; 1; n_drain; 0.04924656777; 0
8; -11; 1; 2000000000; 1; n_drain; 0.005251757414; 8.149097652E-07
8; -11; 2; 4000000000; 1; n_drain; 0.0001335519424; 4.31384385E-08
8; -11; 3; 6000000000; 1; n_drain; 2.02271512E-06; 1.086738471E-09
8; -11; 4; 8000000000; 1; n_drain; 1.629785449E-08; 1.623741072E-11
8; -10; 0; 0; 0; n_gate; -0.06099999878; 0
8; -10; 1; 2000000000; 0; n_gate; 0.001885618083; 2.00100353E-15
8; -10; 2; 4000000000; 0; n_gate; 0; -0
8; -10; 3; 6000000000; 0; n_gate; -4.297265555E-21; 2.025895755E-18
8; -10; 4; 8000000000; 0; n_gate; 0; -0
8; -10; 0; 0; 1; n_drain; 0.04928115911; 0
8; -10; 1; 2000000000; 1; n_drain; 0.005894331899; 9.149335391E-07
8; -10; 2; 4000000000; 1; n_drain; 0.0001681531952; 5.433482385E-08
8; -10; 3; 6000000000; 1; n_drain; 2.857070026E-06; 1.535678121E-09
8; -10; 4; 8000000000; 1; n_drain; 2.582091302E-08; 2.575076263E-11
8; -9; 0; 0; 0; n_gate; -0.06099999878; 0
8; -9; 1; 2000000000; 0; n_gate; 0.002115698287; 2.244298497E-15
8; -9; 2; 4000000000; 0; n_gate; 0; -0
8; -9; 3; 6000000000; 0; n_gate; -4.641300304E-20; -8.567965567E-19
8; -9; 4; 8000000000; 0; n_gate; 0; -0
8; -9; 0; 0; 1; n_drain; 0.04932471634; 0
8; -9; 1; 2000000000; 1; n_drain; 0.00661603958; 1.027405672E-06
8; -9; 2; 4000000000; 1; n_drain; 0.0002117260097; 6.844584261E-08
8; -9; 3; 6000000000; 1; n_drain; 4.035556217E-06; 2.170265457E-09
8; -9; 4; 8000000000; 1; n_drain; 4.09046739E-08; 4.079711569E-11
8; -8; 0; 0; 0; n_gate; -0.06099999878; 0
8; -8; 1; 2000000000; 0; n_gate; 0.002373852522; 2.515782721E-15
8; -8; 2; 4000000000; 0; n_gate; 0; -0
8; -8; 3; 6000000000; 0; n_gate; 3.354152377E-18; -1.111262937E-18
8; -8; 4; 8000000000; 0; n_gate; 0; -0
8; -8; 0; 0; 1; n_drain; 0.04937956642; 0
8; -8; 1; 2000000000; 1; n_drain; 0.007426836093; 1.153945855E-06
8; -8; 2; 4000000000; 1; n_drain; 0.0002666005974; 8.623537873E-08
8; -8; 3; 6000000000; 1; n_drain; 5.700084713E-06; 3.067455791E-09
8; -8; 4; 8000000000; 1; n_drain; 6.47920873E-08; 6.474018543E-11
8; -7; 0; 0; 0; n_gate; -0.06099999878; 0
8; -7; 1; 2000000000; 0; n_gate; 0.002663506337; 2.826081383E-15
8; -7; 2; 4000000000; 0; n_gate; 1.734723476E-18; -0
8; -7; 3; 6000000000; 0; n_gate; -1.043733068E-18; -1.009600186E-19
8; -7; 4; 8000000000; 0; n_gate; 0; -0
8; -7; 0; 0; 1; n_drain; 0.04944864194; 0
8; -7; 1; 2000000000; 1; n_drain; 0.008338015499; 1.296413264E-06
8; -7; 2; 4000000000; 1; n_drain; 0.0003357147417; 1.086704169E-07
8; -7; 3; 6000000000; 1; n_drain; 8.051065409E-06; 4.336167027E-09
8; -7; 4; 8000000000; 1; n_drain; 1.026137618E-07; 1.026270423E-10
8; -6; 0; 0; 0; n_gate; -0.06099999878; 0
8; -6; 1; 2000000000; 0; n_gate; 0.002988503263; 3.172592397E-15
8; -6; 2; 4000000000; 0; n_gate; 1.734723476E-18; -0
8; -6; 3; 6000000000; 0; n_gate; -1.147976163E-18; 2.026322177E-18
8; -6; 4; 8000000000; 0; n_gate; 0; -0
8; -6; 0; 0; 1; n_drain; 0.04953563986; 0
8; -6; 1; 2000000000; 1; n_drain; 0.009362424552; 1.456952906E-06
8; -6; 2; 4000000000; 1; n_drain; 0.0004227735654; 1.369768148E-07
8; -6; 3; 6000000000; 1; n_drain; 1.137150501E-05; 6.130937907E-09
8; -6; 4; 8000000000; 1; n_drain; 1.624825717E-07; 1.627728646E-10
8; -5; 0; 0; 0; n_gate; -0.06099999878; 0
8; -5; 1; 2000000000; 0; n_gate; 0.003353155812; 3.559435732E-15
8; -5; 2; 4000000000; 0; n_gate; 0; -0
8; -5; 3; 6000000000; 0; n_gate; -1.566943593E-18; 2.525723555E-19
8; -5; 4; 8000000000; 0; n_gate; 0; -0
8; -5; 0; 0; 1; n_drain; 0.04964522229; 0
8; -5; 1; 2000000000; 1; n_drain; 0.01051472408; 1.638055611E-06
8; -5; 2; 4000000000; 1; n_drain; 0.0005324520829; 1.72711362E-07
8; -5; 3; 6000000000; 1; n_drain; 1.606101656E-05; 8.670666034E-09
8; -5; 4; 8000000000; 1; n_drain; 2.572194843E-07; 2.581442421E-10
8; -4; 0; 0; 0; n_gate; -0.06099999878; 0
8; -4; 1; 2000000000; 0; n_gate; 0.003762302702; 3.994851325E-15
8; -4; 2; 4000000000; 0; n_gate; 0; -0
8; -4; 3; 6000000000; 0; n_gate; -1.536883334E-18; -1.867899602E-18
8; -4; 4; 8000000000; 0; n_gate; 0; -0
8; -4; 0; 0; 1; n_drain; 0.049783271; 0
8; -4; 1; 2000000000; 1; n_drain; 0.01181171185; 1.842634896E-06
8; -4; 2; 4000000000; 1; n_drain; 0.0006706524273; 2.178553529E-07
8; -4; 3; 6000000000; 1; n_drain; 2.268380689E-05; 1.226638396E-08
8; -4; 4; 8000000000; 1; n_drain; 4.070701532E-07; 4.095484785E-10
8; -3; 0; 0; 0; n_gate; -0.06099999878; 0
8; -3; 1; 2000000000; 0; n_gate; 0.004221373062; 4.477971813E-15
8; -3; 2; 4000000000; 0; n_gate; 1.734723476E-18; 1.734723476E-18
8; -3; 3; 6000000000; 0; n_gate; -2.49852425E-19; -2.677183855E-19
8; -3; 4; 8000000000; 0; n_gate; 0; -0
8; -3; 0; 0; 1; n_drain; 0.04995721042; 0
8; -3; 1; 2000000000; 1; n_drain; 0.01327272654; 2.074128918E-06
8; -3; 2; 4000000000; 1; n_drain; 0.000844831177; 2.749372657E-07
8; -3; 3; 6000000000; 1; n_drain; 3.203636329E-05; 1.735993762E-08
8; -3; 4; 8000000000; 1; n_drain; 6.439731992E-07; 6.499686449E-10
8; -2; 0; 0; 0; n_gate; -0.06099999878; 0
8; -2; 1; 2000000000; 0; n_gate; 0.004736458478; 5.025927591E-15
8; -2; 2; 4000000000; 0; n_gate; 1.226634733E-18; 1.226634733E-18
8; -2; 3; 6000000000; 0; n_gate; 1.188947156E-18; -4.152042236E-19
8; -2; 4; 8000000000; 0; n_gate; 0; -0
8; -2; 0; 0; 1; n_drain; 0.05017641845; 0
8; -2; 1; 2000000000; 1; n_drain; 0.01492015978; 2.336635413E-06
8; -2; 2; 4000000000; 1; n_drain; 0.00106441691; 3.471941611E-07
8; -2; 3; 6000000000; 1; n_drain; 4.524288453E-05; 2.458073241E-08
8; -2; 4; 8000000000; 1; n_drain; 1.018251469E-06; 1.031811796E-09
8; -1; 0; 0; 0; n_gate; -0.06099999878; 0
8; -1; 1; 2000000000; 0; n_gate; 0.00531439382; 5.638718659E-15
8; -1; 2; 4000000000; 0; n_gate; 4.187992943E-18; -0
8; -1; 3; 6000000000; 0; n_gate; -3.791307691E-19; 7.045042372E-19
8; -1; 4; 8000000000; 0; n_gate; 0; -0
8; -1; 0; 0; 1; n_drain; 0.05045275011; 0
8; -1; 1; 2000000000; 1; n_drain; 0.0167801135; 2.635094182E-06
8; -1; 2; 4000000000; 1; n_drain; 0.001341344415; 4.387874572E-07
8; -1; 3; 6000000000; 1; n_drain; 6.388974326E-05; 3.482627637E-08
8; -1; 4; 8000000000; 1; n_drain; 1.609066314E-06; 1.638626276E-09
8; 0; 0; 0; 0; n_gate; -0.06099999878; 0
8; 0; 1; 2000000000; 0; n_gate; 0.00596284794; 6.325669155E-15
8; 0; 2; 4000000000; 0; n_gate; 0; 7.185459907E-19
8; 0; 3; 6000000000; 0; n_gate; 2.324522064E-18; -5.798729552E-19
8; 0; 4; 8000000000; 0; n_gate; 0; -0
8; 0; 0; 0; 1; n_drain; 0.05080120678; 0
8; 0; 1; 2000000000; 1; n_drain; 0.01888325389; 2.975536213E-06
8; 0; 2; 4000000000; 1; n_drain; 0.001690740476; 5.550928835E-07
8; 0; 3; 6000000000; 1; n_drain; 9.021478746E-05; 4.938036246E-08
8; 0; 4; 8000000000; 1; n_drain; 2.54068846E-06; 2.603576441E-09
8; 1; 0; 0; 0; n_gate; -0.06099999878; 0
8; 1; 1; 2000000000; 0; n_gate; 0.006690425429; 7.098922145E-15
8; 1; 2; 4000000000; 0; n_gate; 1.226634733E-18; 1.226634733E-18
8; 1; 3; 6000000000; 0; n_gate; 4.051901242E-18; -1.033415E-19
8; 1; 4; 8000000000; 0; n_gate; 0; -0
8; 1; 0; 0; 1; n_drain; 0.05124079433; 0
8; 1; 1; 2000000000; 1; n_drain; 0.02126593319; 3.365426532E-06
8; 1; 2; 4000000000; 1; n_drain; 0.00213180768; 7.03095922E-07
8; 1; 3; 6000000000; 1; n_drain; 0.0001273735267; 7.008388913E-08
8; 1; 4; 8000000000; 1; n_drain; 4.007681877E-06; 4.139484016E-09
8; 2; 0; 0; 0; n_gate; -0.06099999878; 0
8; 2; 1; 2000000000; 0; n_gate; 0.007506780798; 7.96498284E-15
8; 2; 2; 4000000000; 0; n_gate; 1.734723476E-18; -1.734723476E-18
8; 2; 3; 6000000000; 0; n_gate; -3.035373439E-19; 1.543770198E-18
8; 2; 4; 8000000000; 0; n_gate; 0; -0
8; 2; 0; 0; 1; n_drain; 0.05179562736; 0
8; 2; 1; 2000000000; 1; n_drain; 0.02397167758; 3.814143638E-06
8; 2; 2; 4000000000; 1; n_drain; 0.002688968356; 8.919384027E-07
8; 2; 3; 6000000000; 1; n_drain; 0.0001798128041; 9.958707861E-08
8; 2; 4; 8000000000; 1; n_drain; 6.313605189E-06; 6.586564349E-09
8; 3; 0; 0; 0; n_gate; -0.06099999878; 0
8; 3; 1; 2000000000; 0; n_gate; 0.008422746588; 8.935560625E-15
8; 3; 2; 4000000000; 0; n_gate; 0; 1.734723476E-18
8; 3; 3; 6000000000; 0; n_gate; 5.512596993E-19; 7.158622175E-19
8; 3; 4; 8000000000; 0; n_gate; 0; -0
8; 3; 0; 0; 1; n_drain; 0.05249635583; 0
8; 3; 1; 2000000000; 1; n_drain; 0.02705317698; 4.333653201E-06
8; 3; 2; 4000000000; 1; n_drain; 0.003393352031; 1.133683464E-06
8; 3; 3; 6000000000; 1; n_drain; 0.0002537940808; 1.417210009E-07
8; 3; 4; 8000000000; 1; n_drain; 9.92989672E-06; 1.049036721E-08
8; 4; 0; 0; 0; n_gate; -0.06099999878; 0
8; 4; 1; 2000000000; 0; n_gate; 0.009450477107; 1.002930378E-14
8; 4; 2; 4000000000; 0; n_gate; 0; -0
8; 4; 3; 6000000000; 0; n_gate; -1.68682414E-19; -3.066960674E-18
8; 4; 4; 8000000000; 0; n_gate; 0; -0
8; 4; 0; 0; 1; n_drain; 0.05338201561; 0
8; 4; 1; 2000000000; 1; n_drain; 0.03057496301; 4.939467959E-06
8; 4; 2; 4000000000; 1; n_drain; 0.004284738438; 1.444404238E-06
8; 4; 3; 6000000000; 1; n_drain; 0.0003581236292; 2.020534272E-07
8; 4; 4; 8000000000; 1; n_drain; 1.55842435E-05; 1.672765844E-08
8; 5; 0; 0; 0; n_gate; -0.06099999878; 0
8; 5; 1; 2000000000; 0; n_gate; 0.01060360972; 1.124968174E-14
8; 5; 2; 4000000000; 0; n_gate; 0; -0
8; 5; 3; 6000000000; 0; n_gate; -2.33990276E-20; -5.269581406E-19
8; 5; 4; 8000000000; 0; n_gate; 0; -0
8; 5; 0; 0; 1; n_drain; 0.05450243884; 0
8; 5; 1; 2000000000; 1; n_drain; 0.03461702892; 5.652026421E-06
8; 5; 2; 4000000000; 1; n_drain; 0.005414105846; 1.845754751E-06
8; 5; 3; 6000000000; 1; n_drain; 0.0005051660331; 2.88725943E-07
8; 5; 4; 8000000000; 1; n_drain; 2.439057484E-05; 2.671163662E-08
8; 6; 0; 0; 0; n_gate; -0.06099999878; 0
8; 6; 1; 2000000000; 0; n_gate; 0.01189744578; 1.262184801E-14
8; 6; 2; 4000000000; 0; n_gate; 0; 2.453269467E-18
8; 6; 3; 6000000000; 0; n_gate; -8.05875087E-19; -1.633870105E-18
8; 6; 4; 8000000000; 0; n_gate; 0; -0
8; 6; 0; 0; 1; n_drain; 0.05592140308; 0
8; 6; 1; 2000000000; 1; n_drain; 0.03927973122; 6.498692968E-06
8; 6; 2; 4000000000; 1; n_drain; 0.006846982272; 2.367271281E-06
8; 6; 3; 6000000000; 1; n_drain; 0.0007122395441; 4.137292969E-07
8; 6; 4; 8000000000; 1; n_drain; 3.803462794E-05; 4.272802232E-08
8; 7; 0; 0; 0; n_gate; -0.06099999878; 0
8; 7; 1; 2000000000; 0; n_gate; 0.01334915373; 1.416314982E-14
8; 7; 2; 4000000000; 0; n_gate; -1.226634733E-18; -1.226634733E-18
8; 7; 3; 6000000000; 0; n_gate; 8.67361738E-19; -8.67361738E-19
8; 7; 4; 8000000000; 0; n_gate; 0; -0
8; 7; 0; 0; 1; n_drain; 0.05772075252; 0
8; 7; 1; 2000000000; 1; n_drain; 0.04469041725; 7.516688256E-06
8; 7; 2; 4000000000; 1; n_drain; 0.00866785228; 3.049792853E-06
8; 7; 3; 6000000000; 1; n_drain; 0.001003513001; 5.948673434E-07
8; 7; 4; 8000000000; 1; n_drain; 5.902634188E-05; 6.848690874E-08
8; 8; 0; 0; 0; n_gate; -0.06099999878; 0
8; 8; 1; 2000000000; 0; n_gate; 0.01497799683; 1.589006704E-14
8; 8; 2; 4000000000; 0; n_gate; 0; -0
8; 8; 3; 6000000000; 0; n_gate; 5.501253668E-19; 1.582998323E-18
8; 8; 4; 8000000000; 0; n_gate; 0; -0
8; 8; 0; 0; 1; n_drain; 0.06000578164; 0
8; 8; 1; 2000000000; 1; n_drain; 0.0510123322; 8.757420158E-06
8; 8; 2; 4000000000; 1; n_drain; 0.01098592337; 3.95060975E-06
8; 8; 3; 6000000000; 1; n_drain; 0.00141253265; 8.588135234E-07
8; 8; 4; 8000000000; 1; n_drain; 9.101473775E-05; 1.100335651E-07
8; 9; 0; 0; 0; n_gate; -0.06099999878; 0
8; 9; 1; 2000000000; 0; n_gate; 0.01680558886; 1.783295733E-14
8; 9; 2; 4000000000; 0; n_gate; -1.226634733E-18; -5.080887426E-19
8; 9; 3; 6000000000; 0; n_gate; 1.839199309E-18; -6.784138046E-20
8; 9; 4; 8000000000; 0; n_gate; 0; -0
8; 9; 0; 0; 1; n_drain; 0.06291221583; 0
8; 9; 1; 2000000000; 1; n_drain; 0.05845643685; 1.029293544E-05
8; 9; 2; 4000000000; 1; n_drain; 0.01394257004; 5.151296897E-06
8; 9; 3; 6000000000; 1; n_drain; 0.001985474993; 1.245911647E-06
8; 9; 4; 8000000000; 1; n_drain; 0.00013911323; 1.772511339E-07
8; 10; 0; 0; 0; n_gate; -0.06099999878; 0
8; 10; 1; 2000000000; 0; n_gate; 0.01885618083; 2.000656585E-14
8; 10; 2; 4000000000; 0; n_gate; 2.961358209E-18; -1.226634733E-18
8; 10; 3; 6000000000; 0; n_gate; 7.34411245E-19; 6.68387264E-19
8; 10; 4; 8000000000; 0; n_gate; 0; -0
8; 10; 0; 0; 1; n_drain; 0.06661510346; 0
8; 10; 1; 2000000000; 1; n_drain; 0.06729671561; 1.222558054E-05
8; 10; 2; 4000000000; 1; n_drain; 0.01772066943; 6.769720728E-06
8; 10; 3; 6000000000; 1; n_drain; 0.002785084508; 1.817764353E-06
8; 10; 4; 8000000000; 1; n_drain; 0.0002100618993; 2.863380361E-07
9; -50; 0; 0; 0; n_gate; -0.06099999878; 0
9; -50; 1; 2000000000; 0; n_gate; 1.885618083E-05; 2.070656743E-17
9; -50; 2; 4000000000; 0; n_gate; 0; -0
9; -50; 3; 6000000000; 0; n_gate; 4.788254745E-19; -3.516113706E-19
9; -50; 4; 8000000000; 0; n_gate; 0; -0
9; -50; 0; 0; 1; n_drain; 0.04911305042; 0
9; -50; 1; 2000000000; 1; n_drain; 5.885597619E-05; 3.320369153E-19
9; -50; 2; 4000000000; 1; n_drain; 1.680396572E-08; -1.226635229E-18
9; -50; 3; 6000000000; 1; n_drain; 2.843289795E-12; 8.026562124E-19
9; -50; 4; 8000000000; 1; n_drain; -3.469446952E-18; -0
9; -20; 0; 0; 0; n_gate; -0.06099999878; 0
9; -20; 1; 2000000000; 0; n_gate; 0.000596284794; 6.328488081E-16
9; -20; 2; 4000000000; 0; n_gate; 0; -0
9; -20; 3; 6000000000; 0; n_gate; 7.611569041E-19; 2.042333981E-18
9; -20; 4; 8000000000; 0; n_gate; 0; -0
9; -20; 0; 0; 1; n_drain; 0.04912983823; 0
9; -20; 1; 2000000000; 1; n_drain; 0.001861460223; 8.456776945E-18
9; -20; 2; 4000000000; 1; n_drain; 1.680503244E-05; -2.453007415E-18
9; -20; 3; 6000000000; 1; n_drain; 9.035213235E-08; 1.309608889E-18
9; -20; 4; 8000000000; 1; n_drain; 2.585846676E-10; -0
9; -19; 0; 0; 0; n_gate; -0.06099999878; 0
9; -19; 1; 2000000000; 0; n_gate; 0.0006690425429; 7.087429602E-16
9; -19; 2; 4000000000; 0; n_gate; 0; -0
9; -19; 3; 6000000000; 0; n_gate; 2.782939092E-19; 2.771458602E-19
9; -19; 4; 8000000000; 0; n_gate; 0; -0
9; -19; 0; 0; 1; n_drain; 0.04913418963; 0
9; -19; 1; 2000000000; 1; n_drain; 0.00208867148; 9.540979118E-18
9; -19; 2; 4000000000; 1; n_drain; 2.115661743E-05; -1.734723476E-18
9; -19; 3; 6000000000; 1; n_drain; 1.276252779E-07; -1.179715063E-18
9; -19; 4; 8000000000; 1; n_drain; 4.098206219E-10; -0
9; -18; 0; 0; 0; n_gate; -0.06099999878; 0
9; -18; 1; 2000000000; 0; n_gate; 0.0007506780798; 7.962380755E-16
9; -18; 2; 4000000000; 0; n_gate; 0; -0
9; -18; 3; 6000000000; 0; n_gate; 5.9343084E-19; -1.036103934E-18
9; -18; 4; 8000000000; 0; n_gate; 0; -0
9; -18; 0; 0; 1; n_drain; 0.04913966786; 0
9; -18; 1; 2000000000; 1; n_drain; 0.002343639197; 9.576324109E-15
9; -18; 2; 4000000000; 1; n_drain; 2.663513806E-05; -1.767335261E-14
9; -18; 3; 6000000000; 1; n_drain; 1.802745658E-07; 2.309232588E-14
9; -18; 4; 8000000000; 1; n_drain; 6.494617621E-10; -2.499389584E-14
9; -17; 0; 0; 0; n_gate; -0.06099999878; 0
9; -17; 1; 2000000000; 0; n_gate; 0.0008422746588; 8.944125822E-16
9; -17; 2; 4000000000; 0; n_gate; 0; -0
9; -17; 3; 6000000000; 0; n_gate; -5.489941186E-19; -1.314670794E-18
9; -17; 4; 8000000000; 0; n_gate; 0; -0
9; -17; 0; 0; 1; n_drain; 0.04914656477; 0
9; -17; 1; 2000000000; 1; n_drain; 0.002629763574; -1.517883041E-18
9; -17; 2; 4000000000; 1; n_drain; 3.353249966E-05; 2.961227184E-18
9; -17; 3; 6000000000; 1; n_drain; 2.546429627E-07; -2.21340297E-19
9; -17; 4; 8000000000; 1; n_drain; 1.029216844E-09; -0
9; -16; 0; 0; 0; n_gate; -0.06099999878; 0
9; -16; 1; 2000000000; 0; n_gate; 0.0009450477107; 1.001640177E-15
9; -16; 2; 4000000000; 0; n_gate; 0; -0
9; -16; 3; 6000000000; 0; n_gate; -1.089630686E-18; -4.108361181E-19
9; -16; 4; 8000000000; 0; n_gate; 0; -0
9; -16; 0; 0; 1; n_drain; 0.04915524785; 0
9; -16; 1; 2000000000; 1; n_drain; 0.002950865232; 1.387778781E-17
9; -16; 2; 4000000000; 1; n_drain; 4.221625892E-05; -0
9; -16; 3; 6000000000; 1; n_drain; 3.596899168E-07; -9.929343724E-19
9; -16; 4; 8000000000; 1; n_drain; 1.631029194E-09; -0
9; -15; 0; 0; 0; n_gate; -0.06099999878; 0
9; -15; 1; 2000000000; 0; n_gate; 0.001060360972; 1.1277871E-15
9; -15; 2; 4000000000; 0; n_gate; 0; -0
9; -15; 3; 6000000000; 0; n_gate; -2.263113581E-18; 4.204432955E-19
9; -15; 4; 8000000000; 0; n_gate; 0; -0
9; -15; 0; 0; 1; n_drain; 0.04916617978; 0
9; -15; 1; 2000000000; 1; n_drain; 0.003311238785; 1.387778781E-17
9; -15; 2; 4000000000; 1; n_drain; 5.314924944E-05; -0
9; -15; 3; 6000000000; 1; n_drain; 5.080704283E-07; -7.755910121E-19
9; -15; 4; 8000000000; 1; n_drain; 2.584734687E-09; -0
9; -14; 0; 0; 0; n_gate; -0.06099999878; 0
9; -14; 1; 2000000000; 0; n_gate; 0.001189744578; 1.26244501E-15
9; -14; 2; 4000000000; 0; n_gate; 0; -0
9; -14; 3; 6000000000; 0; n_gate; -4.241465413E-19; -5.16869648E-19
9; -14; 4; 8000000000; 0; n_gate; 0; -0
9; -14; 0; 0; 1; n_drain; 0.04917994321; 0
9; -14; 1; 2000000000; 1; n_drain; 0.003715713917; 1.691355389E-17
9; -14; 2; 4000000000; 1; n_drain; 6.691432121E-05; -1.226503708E-18
9; -14; 3; 6000000000; 1; n_drain; 7.176597804E-07; -1.999130104E-18
9; -14; 4; 8000000000; 1; n_drain; 4.095963142E-09; 3.469446952E-18
9; -13; 0; 0; 0; n_gate; -0.06099999878; 0
9; -13; 1; 2000000000; 0; n_gate; 0.001334915373; 1.415751197E-15
9; -13; 2; 4000000000; 0; n_gate; 0; -0
9; -13; 3; 6000000000; 0; n_gate; 1.131710233E-18; -1.705476234E-18
9; -13; 4; 8000000000; 0; n_gate; 0; -0
9; -13; 0; 0; 1; n_drain; 0.04919727181; 0
9; -13; 1; 2000000000; 1; n_drain; 0.004169725161; 1.734723476E-17
9; -13; 2; 4000000000; 1; n_drain; 8.424548357E-05; -1.734723476E-18
9; -13; 3; 6000000000; 1; n_drain; 1.013705241E-06; 5.553095063E-19
9; -13; 4; 8000000000; 1; n_drain; 6.490443839E-09; -0
9; -12; 0; 0; 0; n_gate; -0.06099999878; 0
9; -12; 1; 2000000000; 0; n_gate; 0.001497799683; 1.591175108E-15
9; -12; 2; 4000000000; 0; n_gate; 0; -0
9; -12; 3; 6000000000; 0; n_gate; -2.032855001E-18; -1.661680757E-18
9; -12; 4; 8000000000; 0; n_gate; 0; -0
9; -12; 0; 0; 1; n_drain; 0.04921908957; 0
9; -12; 1; 2000000000; 1; n_drain; 0.004679392207; 2.311215455E-14
9; -12; 2; 4000000000; 1; n_drain; 0.0001060672478; 1.767089621E-14
9; -12; 3; 6000000000; 1; n_drain; 1.431868019E-06; -9.561002341E-15
9; -12; 4; 8000000000; 1; n_drain; 1.02842658E-08; -2.499042639E-14
9; -11; 0; 0; 0; n_gate; -0.06099999878; 0
9; -11; 1; 2000000000; 0; n_gate; 0.001680558886; 1.783620994E-15
9; -11; 2; 4000000000; 0; n_gate; 1.226634733E-18; -1.226634733E-18
9; -11; 3; 6000000000; 0; n_gate; 3.012883599E-18; -2.783293047E-18
9; -11; 4; 8000000000; 0; n_gate; 0; -0
9; -11; 0; 0; 1; n_drain; 0.04924656022; 0
9; -11; 1; 2000000000; 1; n_drain; 0.00525161253; 2.255140519E-17
9; -11; 2; 4000000000; 1; n_drain; 0.0001335441697; -0
9; -11; 3; 6000000000; 1; n_drain; 2.02251611E-06; 1.232591757E-18
9; -11; 4; 8000000000; 1; n_drain; 1.629476838E-08; -0
9; -10; 0; 0; 0; n_gate; -0.06099999878; 0
9; -10; 1; 2000000000; 0; n_gate; 0.001885618083; 2.00100353E-15
9; -10; 2; 4000000000; 0; n_gate; 0; -0
9; -10; 3; 6000000000; 0; n_gate; -4.297265555E-21; 2.025895755E-18
9; -10; 4; 8000000000; 0; n_gate; 0; -0
9; -10; 0; 0; 1; n_drain; 0.04928114961; 0
9; -10; 1; 2000000000; 1; n_drain; 0.005894169122; 2.602085214E-17
9; -10; 2; 4000000000; 1; n_drain; 0.0001681434032; -5.149960319E-19
9; -10; 3; 6000000000; 1; n_drain; 2.856788747E-06; -2.458513129E-19
9; -10; 4; 8000000000; 1; n_drain; 2.581607537E-08; 3.469446952E-18
9; -9; 0; 0; 0; n_gate; -0.06099999878; 0
9; -9; 1; 2000000000; 0; n_gate; 0.002115698287; 2.244298497E-15
9; -9; 2; 4000000000; 0; n_gate; 0; -0
9; -9; 3; 6000000000; 0; n_gate; 2.555672211E-18; -8.567965567E-19
9; -9; 4; 8000000000; 0; n_gate; 0; -0
9; -9; 0; 0; 1; n_drain; 0.04932470437; 0
9; -9; 1; 2000000000; 1; n_drain; 0.006615856637; 2.992397996E-17
9; -9; 2; 4000000000; 1; n_drain; 0.0002117136717; 2.95445092E-18
9; -9; 3; 6000000000; 1; n_drain; 4.035158657E-06; -2.640836971E-18
9; -9; 4; 8000000000; 1; n_drain; 4.089700257E-08; -0
9; -8; 0; 0; 0; n_gate; -0.06099999878; 0
9; -8; 1; 2000000000; 0; n_gate; 0.002373852522; 2.519685849E-15
9; -8; 2; 4000000000; 0; n_gate; 0; -0
9; -8; 3; 6000000000; 0; n_gate; 2.182275298E-18; -4.566151347E-19
9; -8; 4; 8000000000; 0; n_gate; 0; -0
9; -8; 0; 0; 1; n_drain; 0.04937955133; 0
9; -8; 1; 2000000000; 1; n_drain; 0.007426630398; 3.426078865E-17
9; -8; 2; 4000000000; 1; n_drain; 0.000266585048; 1.734723476E-18
9; -8; 3; 6000000000; 1; n_drain; 5.699522714E-06; 1.930176329E-18
9; -8; 4; 8000000000; 1; n_drain; 6.477988302E-08; -0
9; -7; 0; 0; 0; n_gate; -0.06099999878; 0
9; -7; 1; 2000000000; 0; n_gate; 0.002663506337; 2.826081383E-15
9; -7; 2; 4000000000; 0; n_gate; 1.734723476E-18; -0
9; -7; 3; 6000000000; 0; n_gate; -1.043733068E-18; -1.009600186E-19
9; -7; 4; 8000000000; 0; n_gate; 0; -0
9; -7; 0; 0; 1; n_drain; 0.04944862293; 0
9; -7; 1; 2000000000; 1; n_drain; 0.008337784097; 8.239936511E-18
9; -7; 2; 4000000000; 1; n_drain; 0.0003356951394; 2.95445092E-18
9; -7; 3; 6000000000; 1; n_drain; 8.050270876E-06; 3.083199928E-18
9; -7; 4; 8000000000; 1; n_drain; 1.025945023E-07; -3.469446952E-18
9; -6; 0; 0; 0; n_gate; -0.06099999878; 0
9; -6; 1; 2000000000; 0; n_gate; 0.002988503263; 3.172592397E-15
9; -6; 2; 4000000000; 0; n_gate; 1.734723476E-18; -0
9; -6; 3; 6000000000; 0; n_gate; -1.147976163E-18; 2.026322177E-18
9; -6; 4; 8000000000; 0; n_gate; 0; -0
9; -6; 0; 0; 1; n_drain; 0.04953561589; 0
9; -6; 1; 2000000000; 1; n_drain; 0.009362164055; 4.250072516E-17
9; -6; 2; 4000000000; 1; n_drain; 0.000422748845; 2.95445092E-18
9; -6; 3; 6000000000; 1; n_drain; 1.137038142E-05; 3.172138387E-19
9; -6; 4; 8000000000; 1; n_drain; 1.624521081E-07; -3.469446952E-18
9; -5; 0; 0; 0; n_gate; -0.06099999878; 0
9; -5; 1; 2000000000; 0; n_gate; 0.003353155812; 3.559435732E-15
9; -5; 2; 4000000000; 0; n_gate; 0; -0
9; -5; 3; 6000000000; 0; n_gate; -1.566943593E-18; 2.525723555E-19
9; -5; 4; 8000000000; 0; n_gate; 0; -0
9; -5; 0; 0; 1; n_drain; 0.04964519206; 0
9; -5; 1; 2000000000; 1; n_drain; 0.01051443058; 4.597017211E-17
9; -5; 2; 4000000000; 1; n_drain; 0.0005324208946; 4.71627945E-18
9; -5; 3; 6000000000; 1; n_drain; 1.605942722E-05; 1.643243918E-19
9; -5; 4; 8000000000; 1; n_drain; 2.571711254E-07; -0
9; -4; 0; 0; 0; n_gate; -0.06099999878; 0
9; -4; 1; 2000000000; 0; n_gate; 0.003762302702; 3.994851325E-15
9; -4; 2; 4000000000; 0; n_gate; 0; -0
9; -4; 3; 6000000000; 0; n_gate; -1.536883334E-18; -1.867899602E-18
9; -4; 4; 8000000000; 0; n_gate; 0; -0
9; -4; 0; 0; 1; n_drain; 0.04978323286; 0
9; -4; 1; 2000000000; 1; n_drain; 0.01181138082; 2.311519032E-14
9; -4; 2; 4000000000; 1; n_drain; 0.0006706130568; -1.766916149E-14
9; -4; 3; 6000000000; 1; n_drain; 2.268155784E-05; -9.563678754E-15
9; -4; 4; 8000000000; 1; n_drain; 4.06993419E-07; 2.499736529E-14
9; -3; 0; 0; 0; n_gate; -0.06099999878; 0
9; -3; 1; 2000000000; 0; n_gate; 0.004221373062; 4.477971813E-15
9; -3; 2; 4000000000; 0; n_gate; 1.734723476E-18; 1.734723476E-18
9; -3; 3; 6000000000; 0; n_gate; -2.49852425E-19; -2.677183855E-19
9; -3; 4; 8000000000; 0; n_gate; 0; -0
9; -3; 0; 0; 1; n_drain; 0.04995716226; 0
9; -3; 1; 2000000000; 1; n_drain; 0.01327235268; 2.502165142E-14
9; -3; 2; 4000000000; 1; n_drain; 0.000844781443; 8.890457814E-18
9; -3; 3; 6000000000; 1; n_drain; 3.203317932E-05; -2.499171643E-14
9; -3; 4; 8000000000; 1; n_drain; 6.438515265E-07; -0
9; -2; 0; 0; 0; n_gate; -0.06099999878; 0
9; -2; 1; 2000000000; 0; n_gate; 0.004736458478; 5.025927591E-15
9; -2; 2; 4000000000; 0; n_gate; 1.226634733E-18; 1.226634733E-18
9; -2; 3; 6000000000; 0; n_gate; 1.188947156E-18; -4.152042236E-19
9; -2; 4; 8000000000; 0; n_gate; 0; -0
9; -2; 0; 0; 1; n_drain; 0.0501763576; 0
9; -2; 1; 2000000000; 1; n_drain; 0.01491973684; 2.501991669E-14
9; -2; 2; 4000000000; 1; n_drain; 0.00106435403; 9.378348792E-18
9; -2; 3; 6000000000; 1; n_drain; 4.523837418E-05; -2.498863238E-14
9; -2; 4; 8000000000; 1; n_drain; 1.01805831E-06; 3.469446952E-18
9; -1; 0; 0; 0; n_gate; -0.06099999878; 0
9; -1; 1; 2000000000; 0; n_gate; 0.00531439382; 5.638718659E-15
9; -1; 2; 4000000000; 0; n_gate; 4.187992943E-18; -0
9; -1; 3; 6000000000; 0; n_gate; -3.791307691E-19; 7.045042372E-19
9; -1; 4; 8000000000; 0; n_gate; 0; -0
9; -1; 0; 0; 1; n_drain; 0.05045267315; 0
9; -1; 1; 2000000000; 1; n_drain; 0.01677963405; 1.768724056E-14
9; -1; 2; 4000000000; 1; n_drain; 0.001341264827; 2.498988429E-14
9; -1; 3; 6000000000; 1; n_drain; 6.38833497E-05; 1.766968157E-14
9; -1; 4; 8000000000; 1; n_drain; 1.608759511E-06; 3.469446952E-18
9; 0; 0; 0; 0; n_gate; -0.06099999878; 0
9; 0; 1; 2000000000; 0; n_gate; 0.00596284794; 6.325669155E-15
9; 0; 2; 4000000000; 0; n_gate; 0; 7.185459907E-19
9; 0; 3; 6000000000; 0; n_gate; 2.324522064E-18; -5.798729552E-19
9; 0; 4; 8000000000; 0; n_gate; 0; -0
9; 0; 0; 0; 1; n_drain; 0.05080110934; 0
9; 0; 1; 2000000000; 1; n_drain; 0.01888270898; 1.774275171E-14
9; 0; 2; 4000000000; 1; n_drain; 0.001690639602; -2.498478854E-14
9; 0; 3; 6000000000; 1; n_drain; 9.020571598E-05; 1.76802068E-14
9; 0; 4; 8000000000; 1; n_drain; 2.540200887E-06; -0
9; 1; 0; 0; 0; n_gate; -0.06099999878; 0
9; 1; 1; 2000000000; 0; n_gate; 0.006690425429; 7.098922145E-15
9; 1; 2; 4000000000; 0; n_gate; 1.226634733E-18; 1.226634733E-18
9; 1; 3; 6000000000; 0; n_gate; 4.051901242E-18; -1.033415E-19
9; 1; 4; 8000000000; 0; n_gate; 0; -0
9; 1; 0; 0; 1; n_drain; 0.05124067076; 0
9; 1; 1; 2000000000; 1; n_drain; 0.02126531189; 3.275157923E-14
9; 1; 2; 4000000000; 1; n_drain; 0.002131679608; 1.463672933E-17
9; 1; 3; 6000000000; 1; n_drain; 0.0001273606412; 1.354468024E-14
9; 1; 4; 8000000000; 1; n_drain; 4.006906741E-06; -4.999126113E-14
9; 2; 0; 0; 0; n_gate; -0.06099999878; 0
9; 2; 1; 2000000000; 0; n_gate; 0.007506780798; 7.96498284E-15
9; 2; 2; 4000000000; 0; n_gate; 1.734723476E-18; -1.734723476E-18
9; 2; 3; 6000000000; 0; n_gate; -3.035373439E-19; 1.543770198E-18
9; 2; 4; 8000000000; 0; n_gate; 0; -0
9; 2; 0; 0; 1; n_drain; 0.05179547039; 0
9; 2; 1; 2000000000; 1; n_drain; 0.02397096637; 9.669348655E-15
9; 2; 2; 4000000000; 1; n_drain; 0.002688805407; 1.769569734E-14
9; 2; 3; 6000000000; 1; n_drain; 0.0001797944754; 2.308294886E-14
9; 2; 4; 8000000000; 1; n_drain; 6.312371724E-06; 2.497307916E-14
9; 3; 0; 0; 0; n_gate; -0.06099999878; 0
9; 3; 1; 2000000000; 0; n_gate; 0.008422746588; 8.937729029E-15
9; 3; 2; 4000000000; 0; n_gate; 0; 1.734723476E-18
9; 3; 3; 6000000000; 0; n_gate; 3.556882228E-19; 2.801053519E-18
9; 3; 4; 8000000000; 0; n_gate; 0; -0
9; 3; 0; 0; 1; n_drain; 0.05249615596; 0
9; 3; 1; 2000000000; 1; n_drain; 0.02705235887; 8.500145032E-17
9; 3; 2; 4000000000; 1; n_drain; 0.00339314416; 2.862293735E-17
9; 3; 3; 6000000000; 1; n_drain; 0.0002537679644; 3.130633773E-18
9; 3; 4; 8000000000; 1; n_drain; 9.927932077E-06; -0
9; 4; 0; 0; 0; n_gate; -0.06099999878; 0
9; 4; 1; 2000000000; 0; n_gate; 0.009450477107; 1.003017114E-14
9; 4; 2; 4000000000; 0; n_gate; -1.226634733E-18; -1.226634733E-18
9; 4; 3; 6000000000; 0; n_gate; -4.179093035E-18; -1.364405279E-19
9; 4; 4; 8000000000; 0; n_gate; 0; -0
9; 4; 0; 0; 1; n_drain; 0.05338176042; 0
9; 4; 1; 2000000000; 1; n_drain; 0.03057401631; 2.512573483E-14
9; 4; 2; 4000000000; 1; n_drain; 0.00428447239; 4.922277863E-17
9; 4; 3; 6000000000; 1; n_drain; 0.0003580863365; -2.498352816E-14
9; 4; 4; 8000000000; 1; n_drain; 1.558111064E-05; -3.469446952E-18
9; 5; 0; 0; 0; n_gate; -0.06099999878; 0
9; 5; 1; 2000000000; 0; n_gate; 0.01060360972; 1.124968174E-14
9; 5; 2; 4000000000; 0; n_gate; 0; -0
9; 5; 3; 6000000000; 0; n_gate; -2.33990276E-20; -5.269581406E-19
9; 5; 4; 8000000000; 0; n_gate; 0; -0
9; 5; 0; 0; 1; n_drain; 0.05450211186; 0
9; 5; 1; 2000000000; 1; n_drain; 0.03461592543; 2.511185704E-14
9; 5; 2; 4000000000; 1; n_drain; 0.005413763965; 5.355958732E-17
9; 5; 3; 6000000000; 1; n_drain; 0.0005051126416; -2.497797162E-14
9; 5; 4; 8000000000; 1; n_drain; 2.43855722E-05; -0
9; 6; 0; 0; 0; n_gate; -0.06099999878; 0
9; 6; 1; 2000000000; 0; n_gate; 0.01189744578; 1.262184801E-14
9; 6; 2; 4000000000; 0; n_gate; 0; 2.453269467E-18
9; 6; 3; 6000000000; 0; n_gate; -8.05875087E-19; -1.633870105E-18
9; 6; 4; 8000000000; 0; n_gate; 0; -0
9; 6; 0; 0; 1; n_drain; 0.05592098233; 0
9; 6; 1; 2000000000; 1; n_drain; 0.03927843365; 9.735268147E-15
9; 6; 2; 4000000000; 1; n_drain; 0.006846540769; 1.774014963E-14
9; 6; 3; 6000000000; 1; n_drain; 0.0007121628588; 2.309017235E-14
9; 6; 4; 8000000000; 1; n_drain; 3.802662647E-05; 2.497307916E-14
9; 7; 0; 0; 0; n_gate; -0.06099999878; 0
9; 7; 1; 2000000000; 0; n_gate; 0.01334915373; 1.416314982E-14
9; 7; 2; 4000000000; 0; n_gate; -1.226634733E-18; -1.226634733E-18
9; 7; 3; 6000000000; 0; n_gate; 8.67361738E-19; -8.67361738E-19
9; 7; 4; 8000000000; 0; n_gate; 0; -0
9; 7; 0; 0; 1; n_drain; 0.05772020827; 0
9; 7; 1; 2000000000; 1; n_drain; 0.04468887541; 4.278175036E-14
9; 7; 2; 4000000000; 1; n_drain; 0.008667278692; -2.495226248E-14
9; 7; 3; 6000000000; 1; n_drain; 0.001003402433; -7.289687517E-15
9; 7; 4; 8000000000; 1; n_drain; 5.901351962E-05; -0
9; 8; 0; 0; 0; n_gate; -0.06099999878; 0
9; 8; 1; 2000000000; 0; n_gate; 0.01497799683; 1.589006704E-14
9; 8; 2; 4000000000; 0; n_gate; 0; -0
9; 8; 3; 6000000000; 0; n_gate; 5.501253668E-19; 1.582998323E-18
9; 8; 4; 8000000000; 0; n_gate; 0; -0
9; 8; 0; 0; 1; n_drain; 0.06000507319; 0
9; 8; 1; 2000000000; 1; n_drain; 0.05101047733; 5.044922813E-14
9; 8; 2; 4000000000; 1; n_drain; 0.01098517277; 6.038182107E-14
9; 8; 3; 6000000000; 1; n_drain; 0.001412372493; 3.119135809E-14
9; 8; 4; 8000000000; 1; n_drain; 9.099414681E-05; -1.040834086E-17
9; 9; 0; 0; 0; n_gate; -0.06099999878; 0
9; 9; 1; 2000000000; 0; n_gate; 0.01680558886; 1.783295733E-14
9; 9; 2; 4000000000; 0; n_gate; -1.226634733E-18; -5.080887426E-19
9; 9; 3; 6000000000; 0; n_gate; 1.839199309E-18; -6.784138046E-20
9; 9; 4; 8000000000; 0; n_gate; 0; -0
9; 9; 0; 0; 1; n_drain; 0.06291128663; 0
9; 9; 1; 2000000000; 1; n_drain; 0.05845417311; 5.050126983E-14
9; 9; 2; 4000000000; 1; n_drain; 0.01394157935; 6.041261241E-14
9; 9; 3; 6000000000; 1; n_drain; 0.001985241751; 3.119580332E-14
9; 9; 4; 8000000000; 1; n_drain; 0.0001390800899; -1.387778781E-17
9; 10; 0; 0; 0; n_gate; -0.06099999878; 0
9; 10; 1; 2000000000; 0; n_gate; 0.01885618083; 2.000656585E-14
9; 10; 2; 4000000000; 0; n_gate; 2.961358209E-18; -1.226634733E-18
9; 10; 3; 6000000000; 0; n_gate; 7.34411245E-19; 6.68387264E-19
9; 10; 4; 8000000000; 0; n_gate; 0; -0
9; 10; 0; 0; 1; n_drain; 0.06661387384; 0
9; 10; 1; 2000000000; 1; n_drain; 0.06729390715; 7.554026848E-14
9; 10; 2; 4000000000; 1; n_drain; 0.01771934864; 6.045337841E-14
9; 10; 3; 6000000000; 1; n_drain; 0.002784742729; 6.227223598E-15
9; 10; 4; 8000000000; 1; n_drain; 0.0002100084475; -1.387778781E-17
10; -50; 0; 0; 0; n_gate; -0.06099999878; 0
10; -50; 1; 2000000000; 0; n_gate; 1.885618083E-05; 2.070656743E-17
10; -50; 2; 4000000000; 0; n_gate; 0; -0
10; -50; 3; 6000000000; 0; n_gate; -1.255898001E-18; -3.516113706E-19
10; -50; 4; 8000000000; 0; n_gate; 0; -0
10; -50; 0; 0; 1; n_drain; 0.04911305042; 0
10; -50; 1; 2000000000; 1; n_drain; 5.885759356E-05; -9.120720104E-09
10; -50; 2; 4000000000; 1; n_drain; 1.680498387E-08; -5.471381087E-12
10; -50; 3; 6000000000; 1; n_drain; 2.848060146E-12; 1.750783482E-14
10; -50; 4; 8000000000; 1; n_drain; -2.499736529E-14; 3.469446952E-18
10; -20; 0; 0; 0; n_gate; -0.06099999878; 0
10; -20; 1; 2000000000; 0; n_gate; 0.000596284794; 6.328488081E-16
10; -20; 2; 4000000000; 0; n_gate; 0; -0
10; -20; 3; 6000000000; 0; n_gate; 7.611569041E-19; 2.042333981E-18
10; -20; 4; 8000000000; 0; n_gate; 0; -0
10; -20; 0; 0; 1; n_drain; 0.04912983918; 0
10; -20; 1; 2000000000; 1; n_drain; 0.0018615114; -2.8851186E-07
10; -20; 2; 4000000000; 1; n_drain; 1.680600871E-05; -5.421781647E-09
10; -20; 3; 6000000000; 1; n_drain; 9.03610349E-08; -4.845385842E-11
10; -20; 4; 8000000000; 1; n_drain; 2.58610109E-10; -2.421951528E-13
10; -19; 0; 0; 0; n_gate; -0.06099999878; 0
10; -19; 1; 2000000000; 0; n_gate; 0.0006690425429; 7.087429602E-16
10; -19; 2; 4000000000; 0; n_gate; 0; -0
10; -19; 3; 6000000000; 0; n_gate; 2.782939092E-19; 2.771458602E-19
10; -19; 4; 8000000000; 0; n_gate; 0; -0
10; -19; 0; 0; 1; n_drain; 0.04913419082; 0
10; -19; 1; 2000000000; 1; n_drain; 0.002088728911; -3.237399457E-07
10; -19; 2; 4000000000; 1; n_drain; 2.115784658E-05; -6.826000533E-09
10; -19; 3; 6000000000; 1; n_drain; 1.276377769E-07; -6.847675613E-11
10; -19; 4; 8000000000; 1; n_drain; 4.098354815E-10; -4.413518162E-13
10; -18; 0; 0; 0; n_gate; -0.06099999878; 0
10; -18; 1; 2000000000; 0; n_gate; 0.0007506780798; 7.968885968E-16
10; -18; 2; 4000000000; 0; n_gate; 0; -0
10; -18; 3; 6000000000; 0; n_gate; -7.041909398E-20; 5.665715797E-19
10; -18; 4; 8000000000; 0; n_gate; 0; -0
10; -18; 0; 0; 1; n_drain; 0.04913966936; 0
10; -18; 1; 2000000000; 1; n_drain; 0.002343703649; -3.632788035E-07
10; -18; 2; 4000000000; 1; n_drain; 2.663668567E-05; -8.594074186E-09
10; -18; 3; 6000000000; 1; n_drain; 1.802922501E-07; -9.677578487E-11
10; -18; 4; 8000000000; 1; n_drain; 6.49547055E-10; -5.98920219E-13
10; -17; 0; 0; 0; n_gate; -0.06099999878; 0
10; -17; 1; 2000000000; 0; n_gate; 0.0008422746588; 8.944125822E-16
10; -17; 2; 4000000000; 0; n_gate; 0; -0
10; -17; 3; 6000000000; 0; n_gate; -5.489941186E-19; -1.314670794E-18
10; -17; 4; 8000000000; 0; n_gate; 0; -0
10; -17; 0; 0; 1; n_drain; 0.04914656666; 0
10; -17; 1; 2000000000; 1; n_drain; 0.002629835909; -4.076571834E-07
10; -17; 2; 4000000000; 1; n_drain; 3.353444817E-05; -1.082031028E-08
10; -17; 3; 6000000000; 1; n_drain; 2.546680064E-07; -1.366808106E-10
10; -17; 4; 8000000000; 1; n_drain; 1.029398674E-09; -1.022976842E-12
10; -16; 0; 0; 0; n_gate; -0.06099999878; 0
10; -16; 1; 2000000000; 0; n_gate; 0.0009450477107; 1.001640177E-15
10; -16; 2; 4000000000; 0; n_gate; 0; -0
10; -16; 3; 6000000000; 0; n_gate; -1.089630686E-18; -4.108361181E-19
10; -16; 4; 8000000000; 0; n_gate; 0; -0
10; -16; 0; 0; 1; n_drain; 0.04915525023; 0
10; -16; 1; 2000000000; 1; n_drain; 0.00295094642; -4.57471917E-07
10; -16; 2; 4000000000; 1; n_drain; 4.221871236E-05; -1.362369582E-08
10; -16; 3; 6000000000; 1; n_drain; 3.597252793E-07; -1.930688054E-10
10; -16; 4; 8000000000; 1; n_drain; 1.631321522E-09; -1.636281388E-12
10; -15; 0; 0; 0; n_gate; -0.06099999878; 0
10; -15; 1; 2000000000; 0; n_gate; 0.001060360972; 1.1277871E-15
10; -15; 2; 4000000000; 0; n_gate; 0; -0
10; -15; 3; 6000000000; 0; n_gate; -2.263113581E-18; 4.204432955E-19
10; -15; 4; 8000000000; 0; n_gate; 0; -0
10; -15; 0; 0; 1; n_drain; 0.04916618278; 0
10; -15; 1; 2000000000; 1; n_drain; 0.003311329918; -5.133951035E-07
10; -15; 2; 4000000000; 1; n_drain; 5.315233876E-05; -1.715379131E-08
10; -15; 3; 6000000000; 1; n_drain; 5.081203395E-07; -2.727203891E-10
10; -15; 4; 8000000000; 1; n_drain; 2.585213363E-09; -2.592606685E-12
10; -14; 0; 0; 0; n_gate; -0.06099999878; 0
10; -14; 1; 2000000000; 0; n_gate; 0.001189744578; 1.26244501E-15
10; -14; 2; 4000000000; 0; n_gate; 0; -0
10; -14; 3; 6000000000; 0; n_gate; -4.241465413E-19; -5.16869648E-19
10; -14; 4; 8000000000; 0; n_gate; 0; -0
10; -14; 0; 0; 1; n_drain; 0.04917994698; 0
10; -14; 1; 2000000000; 1; n_drain; 0.003715816225; -5.761954814E-07
10; -14; 2; 4000000000; 1; n_drain; 6.691821169E-05; -2.159995558E-08
10; -14; 3; 6000000000; 1; n_drain; 7.177303176E-07; -3.853342447E-10
10; -14; 4; 8000000000; 1; n_drain; 4.096709982E-09; -4.079032251E-12
10; -13; 0; 0; 0; n_gate; -0.06099999878; 0
10; -13; 1; 2000000000; 0; n_gate; 0.001334915373; 1.415751197E-15
10; -13; 2; 4000000000; 0; n_gate; 0; -0
10; -13; 3; 6000000000; 0; n_gate; 1.131710233E-18; -1.705476234E-18
10; -13; 4; 8000000000; 0; n_gate; 0; -0
10; -13; 0; 0; 1; n_drain; 0.04919727657; 0
10; -13; 1; 2000000000; 1; n_drain; 0.004169840029; -6.467110822E-07
10; -13; 2; 4000000000; 1; n_drain; 8.425038302E-05; -2.719944557E-08
10; -13; 3; 6000000000; 1; n_drain; 1.013804921E-06; -5.443696721E-10
10; -13; 4; 8000000000; 1; n_drain; 6.491643646E-09; -6.494992044E-12
10; -12; 0; 0; 0; n_gate; -0.06099999878; 0
10; -12; 1; 2000000000; 0; n_gate; 0.001497799683; 1.591175108E-15
10; -12; 2; 4000000000; 0; n_gate; 0; -0
10; -12; 3; 6000000000; 0; n_gate; -2.032855001E-18; -1.661680757E-18
10; -12; 4; 8000000000; 0; n_gate; 0; -0
10; -12; 0; 0; 1; n_drain; 0.04921909556; 0
10; -12; 1; 2000000000; 1; n_drain; 0.004679521199; -7.259171122E-07
10; -12; 2; 4000000000; 1; n_drain; 0.0001060734185; -3.425267692E-08
10; -12; 3; 6000000000; 1; n_drain; 1.432008838E-06; -7.691111005E-10
10; -12; 4; 8000000000; 1; n_drain; 1.028620294E-08; -1.026683599E-11
10; -11; 0; 0; 0; n_gate; -0.06099999878; 0
10; -11; 1; 2000000000; 0; n_gate; 0.001680558886; 1.783620994E-15
10; -11; 2; 4000000000; 0; n_gate; 1.226634733E-18; -1.226634733E-18
10; -11; 3; 6000000000; 0; n_gate; 3.012883599E-18; -2.783293047E-18
10; -11; 4; 8000000000; 0; n_gate; 0; -0
10; -11; 0; 0; 1; n_drain; 0.04924656777; 0
10; -11; 1; 2000000000; 1; n_drain; 0.005251757414; -8.149097401E-07
10; -11; 2; 4000000000; 1; n_drain; 0.0001335519424; -4.31384385E-08
10; -11; 3; 6000000000; 1; n_drain; 2.02271512E-06; -1.08676346E-09
10; -11; 4; 8000000000; 1; n_drain; 1.62978295E-08; -1.623740725E-11
10; -10; 0; 0; 0; n_gate; -0.06099999878; 0
10; -10; 1; 2000000000; 0; n_gate; 0.001885618083; 2.00100353E-15
10; -10; 2; 4000000000; 0; n_gate; 0; -0
10; -10; 3; 6000000000; 0; n_gate; -4.297265555E-21; 2.025895755E-18
10; -10; 4; 8000000000; 0; n_gate; 0; -0
10; -10; 0; 0; 1; n_drain; 0.04928115911; 0
10; -10; 1; 2000000000; 1; n_drain; 0.005894331899; -9.149335214E-07
10; -10; 2; 4000000000; 1; n_drain; 0.0001681531952; -5.433479887E-08
10; -10; 3; 6000000000; 1; n_drain; 2.857070044E-06; -1.535660447E-09
10; -10; 4; 8000000000; 1; n_drain; 2.582093801E-08; -2.575076263E-11
10; -9; 0; 0; 0; n_gate; -0.06099999878; 0
10; -9; 1; 2000000000; 0; n_gate; 0.002115698287; 2.244298497E-15
10; -9; 2; 4000000000; 0; n_gate; 0; -0
10; -9; 3; 6000000000; 0; n_gate; 2.555672211E-18; -8.567965567E-19
10; -9; 4; 8000000000; 0; n_gate; 0; -0
10; -9; 0; 0; 1; n_drain; 0.04932471634; 0
10; -9; 1; 2000000000; 1; n_drain; 0.00661603958; -1.027405624E-06
10; -9; 2; 4000000000; 1; n_drain; 0.0002117260097; -6.844582493E-08
10; -9; 3; 6000000000; 1; n_drain; 4.03555624E-06; -2.170300009E-09
10; -9; 4; 8000000000; 1; n_drain; 4.090464892E-08; -4.082210264E-11
10; -8; 0; 0; 0; n_gate; -0.06099999878; 0
10; -8; 1; 2000000000; 0; n_gate; 0.002373852522; 2.519685849E-15
10; -8; 2; 4000000000; 0; n_gate; 0; -0
10; -8; 3; 6000000000; 0; n_gate; 2.182275298E-18; -4.566151347E-19
10; -8; 4; 8000000000; 0; n_gate; 0; -0
10; -8; 0; 0; 1; n_drain; 0.04937956642; 0
10; -8; 1; 2000000000; 1; n_drain; 0.007426836093; -1.153945855E-06
10; -8; 2; 4000000000; 1; n_drain; 0.0002666005974; -8.623537873E-08
10; -8; 3; 6000000000; 1; n_drain; 5.700084713E-06; -3.067455792E-09
10; -8; 4; 8000000000; 1; n_drain; 6.47920873E-08; -6.474018197E-11
10; -7; 0; 0; 0; n_gate; -0.06099999878; 0
10; -7; 1; 2000000000; 0; n_gate; 0.002663506337; 2.826081383E-15
10; -7; 2; 4000000000; 0; n_gate; 1.734723476E-18; -0
10; -7; 3; 6000000000; 0; n_gate; -1.043733068E-18; -1.009600186E-19
10; -7; 4; 8000000000; 0; n_gate; 0; -0
10; -7; 0; 0; 1; n_drain; 0.04944864194; 0
10; -7; 1; 2000000000; 1; n_drain; 0.008338015499; -1.296413264E-06
10; -7; 2; 4000000000; 1; n_drain; 0.0003357147417; -1.086704169E-07
10; -7; 3; 6000000000; 1; n_drain; 8.051065409E-06; -4.336167027E-09
10; -7; 4; 8000000000; 1; n_drain; 1.026137618E-07; -1.026270388E-10
10; -6; 0; 0; 0; n_gate; -0.06099999878; 0
10; -6; 1; 2000000000; 0; n_gate; 0.002988503263; 3.172592397E-15
10; -6; 2; 4000000000; 0; n_gate; 1.734723476E-18; -0
10; -6; 3; 6000000000; 0; n_gate; -1.147976163E-18; 2.026322177E-18
10; -6; 4; 8000000000; 0; n_gate; 0; -0
10; -6; 0; 0; 1; n_drain; 0.04953563986; 0
10; -6; 1; 2000000000; 1; n_drain; 0.009362424552; -1.456952906E-06
10; -6; 2; 4000000000; 1; n_drain; 0.0004227735654; -1.369768148E-07
10; -6; 3; 6000000000; 1; n_drain; 1.137150501E-05; -6.130937908E-09
10; -6; 4; 8000000000; 1; n_drain; 1.624825717E-07; -1.627728646E-10
10; -5; 0; 0; 0; n_gate; -0.06099999878; 0
10; -5; 1; 2000000000; 0; n_gate; 0.003353155812; 3.559435732E-15
10; -5; 2; 4000000000; 0; n_gate; 0; -0
10; -5; 3; 6000000000; 0; n_gate; -1.566943593E-18; 2.525723555E-19
10; -5; 4; 8000000000; 0; n_gate; 0; -0
10; -5; 0; 0; 1; n_drain; 0.04964522229; 0
10; -5; 1; 2000000000; 1; n_drain; 0.01051472408; -1.638055586E-06
10; -5; 2; 4000000000; 1; n_drain; 0.0005324520829; -1.72711362E-07
10; -5; 3; 6000000000; 1; n_drain; 1.606101656E-05; -8.670691021E-09
10; -5; 4; 8000000000; 1; n_drain; 2.572194593E-07; -2.581442421E-10
10; -4; 0; 0; 0; n_gate; -0.06099999878; 0
10; -4; 1; 2000000000; 0; n_gate; 0.003762302702; 3.994851325E-15
10; -4; 2; 4000000000; 0; n_gate; 0; -0
10; -4; 3; 6000000000; 0; n_gate; -1.536883334E-18; -1.867899602E-18
10; -4; 4; 8000000000; 0; n_gate; 0; -0
10; -4; 0; 0; 1; n_drain; 0.049783271; 0
10; -4; 1; 2000000000; 1; n_drain; 0.01181171185; -1.842634896E-06
10; -4; 2; 4000000000; 1; n_drain; 0.0006706524273; -2.178553529E-07
10; -4; 3; 6000000000; 1; n_drain; 2.268380689E-05; -1.226638396E-08
10; -4; 4; 8000000000; 1; n_drain; 4.070701532E-07; -4.095484785E-10
10; -3; 0; 0; 0; n_gate; -0.06099999878; 0
10; -3; 1; 2000000000; 0; n_gate; 0.004221373062; 4.477971813E-15
10; -3; 2; 4000000000; 0; n_gate; 1.734723476E-18; 1.734723476E-18
10; -3; 3; 6000000000; 0; n_gate; -2.49852425E-19; -2.677183855E-19
10; -3; 4; 8000000000; 0; n_gate; 0; -0
10; -3; 0; 0; 1; n_drain; 0.04995721042; 0
10; -3; 1; 2000000000; 1; n_drain; 0.01327272654; -2.074128918E-06
10; -3; 2; 4000000000; 1; n_drain; 0.000844831177; -2.749372656E-07
10; -3; 3; 6000000000; 1; n_drain; 3.203636329E-05; -1.735993762E-08
10; -3; 4; 8000000000; 1; n_drain; 6.439731992E-07; -6.499686483E-10
10; -2; 0; 0; 0; n_gate; -0.06099999878; 0
10; -2; 1; 2000000000; 0; n_gate; 0.004736458478; 5.025927591E-15
10; -2; 2; 4000000000; 0; n_gate; 1.226634733E-18; 1.226634733E-18
10; -2; 3; 6000000000; 0; n_gate; 1.188947156E-18; -4.152042236E-19
10; -2; 4; 8000000000; 0; n_gate; 0; -0
10; -2; 0; 0; 1; n_drain; 0.05017641845; 0
10; -2; 1; 2000000000; 1; n_drain; 0.01492015978; -2.336635372E-06
10; -2; 2; 4000000000; 1; n_drain; 0.00106441691; -3.471941538E-07
10; -2; 3; 6000000000; 1; n_drain; 4.524288452E-05; -2.458072431E-08
10; -2; 4; 8000000000; 1; n_drain; 1.018251494E-06; -1.031786809E-09
10; -1; 0; 0; 0; n_gate; -0.06099999878; 0
10; -1; 1; 2000000000; 0; n_gate; 0.00531439382; 5.638718659E-15
10; -1; 2; 4000000000; 0; n_gate; 4.187992943E-18; -0
10; -1; 3; 6000000000; 0; n_gate; -3.791307691E-19; 7.045042372E-19
10; -1; 4; 8000000000; 0; n_gate; 0; -0
10; -1; 0; 0; 1; n_drain; 0.05045275011; 0
10; -1; 1; 2000000000; 1; n_drain; 0.0167801135; -2.635094182E-06
10; -1; 2; 4000000000; 1; n_drain; 0.001341344415; -4.387874572E-07
10; -1; 3; 6000000000; 1; n_drain; 6.388974326E-05; -3.482627636E-08
10; -1; 4; 8000000000; 1; n_drain; 1.609066314E-06; -1.63862628E-09
10; 0; 0; 0; 0; n_gate; -0.06099999878; 0
10; 0; 1; 2000000000; 0; n_gate; 0.00596284794; 6.325669155E-15
10; 0; 2; 4000000000; 0; n_gate; 0; 7.185459907E-19
10; 0; 3; 6000000000; 0; n_gate; 2.324522064E-18; -5.798729552E-19
10; 0; 4; 8000000000; 0; n_gate; 0; -0
10; 0; 0; 0; 1; n_drain; 0.05080120678; 0
10; 0; 1; 2000000000; 1; n_drain; 0.01888325389; -2.975536106E-06
10; 0; 2; 4000000000; 1; n_drain; 0.001690740476; -5.550927982E-07
10; 0; 3; 6000000000; 1; n_drain; 9.021478746E-05; -4.938037123E-08
10; 0; 4; 8000000000; 1; n_drain; 2.540688435E-06; -2.603626412E-09
10; 1; 0; 0; 0; n_gate; -0.06099999878; 0
10; 1; 1; 2000000000; 0; n_gate; 0.006690425429; 7.098922145E-15
10; 1; 2; 4000000000; 0; n_gate; 1.226634733E-18; 1.226634733E-18
10; 1; 3; 6000000000; 0; n_gate; 4.051901242E-18; -1.033415E-19
10; 1; 4; 8000000000; 0; n_gate; 0; -0
10; 1; 0; 0; 1; n_drain; 0.05124079433; 0
10; 1; 1; 2000000000; 1; n_drain; 0.02126593319; -3.365426515E-06
10; 1; 2; 4000000000; 1; n_drain; 0.00213180768; -7.03095897E-07
10; 1; 3; 6000000000; 1; n_drain; 0.0001273735268; -7.008387146E-08
10; 1; 4; 8000000000; 1; n_drain; 4.007681902E-06; -4.139484016E-09
10; 2; 0; 0; 0; n_gate; -0.06099999878; 0
10; 2; 1; 2000000000; 0; n_gate; 0.007506780798; 7.96498284E-15
10; 2; 2; 4000000000; 0; n_gate; 1.734723476E-18; -1.734723476E-18
10; 2; 3; 6000000000; 0; n_gate; -3.035373439E-19; 1.543770198E-18
10; 2; 4; 8000000000; 0; n_gate; 0; -0
10; 2; 0; 0; 1; n_drain; 0.05179562736; 0
10; 2; 1; 2000000000; 1; n_drain; 0.02397167758; -3.814143583E-06
10; 2; 2; 4000000000; 1; n_drain; 0.002688968356; -8.919383497E-07
10; 2; 3; 6000000000; 1; n_drain; 0.0001798128041; -9.958707466E-08
10; 2; 4; 8000000000; 1; n_drain; 6.313605189E-06; -6.58658935E-09
10; 3; 0; 0; 0; n_gate; -0.06099999878; 0
10; 3; 1; 2000000000; 0; n_gate; 0.008422746588; 8.937729029E-15
10; 3; 2; 4000000000; 0; n_gate; 0; 1.734723476E-18
10; 3; 3; 6000000000; 0; n_gate; 3.556882228E-19; 2.801053519E-18
10; 3; 4; 8000000000; 0; n_gate; 0; -0
10; 3; 0; 0; 1; n_drain; 0.05249635583; 0
10; 3; 1; 2000000000; 1; n_drain; 0.02705317698; -4.33365311E-06
10; 3; 2; 4000000000; 1; n_drain; 0.003393352031; -1.133683411E-06
10; 3; 3; 6000000000; 1; n_drain; 0.0002537940808; -1.417209616E-07
10; 3; 4; 8000000000; 1; n_drain; 9.92989677E-06; -1.04903922E-08
10; 4; 0; 0; 0; n_gate; -0.06099999878; 0
10; 4; 1; 2000000000; 0; n_gate; 0.009450477107; 1.003017114E-14
10; 4; 2; 4000000000; 0; n_gate; -1.226634733E-18; -1.226634733E-18
10; 4; 3; 6000000000; 0; n_gate; -4.179093035E-18; -1.364405279E-19
10; 4; 4; 8000000000; 0; n_gate; 0; -0
10; 4; 0; 0; 1; n_drain; 0.05338201561; 0
10; 4; 1; 2000000000; 1; n_drain; 0.03057496301; -4.939467935E-06
10; 4; 2; 4000000000; 1; n_drain; 0.004284738438; -1.444404256E-06
10; 4; 3; 6000000000; 1; n_drain; 0.0003581236292; -2.020534368E-07
10; 4; 4; 8000000000; 1; n_drain; 1.55842435E-05; -1.672763345E-08
10; 5; 0; 0; 0; n_gate; -0.06099999878; 0
10; 5; 1; 2000000000; 0; n_gate; 0.01060360972; 1.124968174E-14
10; 5; 2; 4000000000; 0; n_gate; 0; -0
10; 5; 3; 6000000000; 0; n_gate; -2.33990276E-20; -5.269581406E-19
10; 5; 4; 8000000000; 0; n_gate; 0; -0
10; 5; 0; 0; 1; n_drain; 0.05450243884; 0
10; 5; 1; 2000000000; 1; n_drain; 0.03461702892; -5.652026396E-06
10; 5; 2; 4000000000; 1; n_drain; 0.005414105846; -1.845754751E-06
10; 5; 3; 6000000000; 1; n_drain; 0.0005051660331; -2.88725968E-07
10; 5; 4; 8000000000; 1; n_drain; 2.439057482E-05; -2.671163662E-08
10; 6; 0; 0; 0; n_gate; -0.06099999878; 0
10; 6; 1; 2000000000; 0; n_gate; 0.01189744578; 1.262184801E-14
10; 6; 2; 4000000000; 0; n_gate; 0; 2.453269467E-18
10; 6; 3; 6000000000; 0; n_gate; -8.05875087E-19; -1.633870105E-18
10; 6; 4; 8000000000; 0; n_gate; 0; -0
10; 6; 0; 0; 1; n_drain; 0.05592140308; 0
10; 6; 1; 2000000000; 1; n_drain; 0.03927973122; -6.498692861E-06
10; 6; 2; 4000000000; 1; n_drain; 0.006846982272; -2.367271246E-06
10; 6; 3; 6000000000; 1; n_drain; 0.0007122395441; -4.137293057E-07
10; 6; 4; 8000000000; 1; n_drain; 3.803462792E-05; -4.272807229E-08
10; 7; 0; 0; 0; n_gate; -0.06099999878; 0
10; 7; 1; 2000000000; 0; n_gate; 0.01334915373; 1.416314982E-14
10; 7; 2; 4000000000; 0; n_gate; -1.226634733E-18; -1.226634733E-18
10; 7; 3; 6000000000; 0; n_gate; 8.67361738E-19; -8.67361738E-19
10; 7; 4; 8000000000; 0; n_gate; 0; -0
10; 7; 0; 0; 1; n_drain; 0.05772075252; 0
10; 7; 1; 2000000000; 1; n_drain; 0.04469041725; -7.516688142E-06
10; 7; 2; 4000000000; 1; n_drain; 0.00866785228; -3.049792792E-06
10; 7; 3; 6000000000; 1; n_drain; 0.001003513001; -5.948673948E-07
10; 7; 4; 8000000000; 1; n_drain; 5.902634185E-05; -6.84869587E-08
10; 8; 0; 0; 0; n_gate; -0.06099999878; 0
10; 8; 1; 2000000000; 0; n_gate; 0.01497799683; 1.589006704E-14
10; 8; 2; 4000000000; 0; n_gate; 0; -0
10; 8; 3; 6000000000; 0; n_gate; 5.501253668E-19; 1.582998323E-18
10; 8; 4; 8000000000; 0; n_gate; 0; -0
10; 8; 0; 0; 1; n_drain; 0.06000578164; 0
10; 8; 1; 2000000000; 1; n_drain; 0.0510123322; -8.75742005E-06
10; 8; 2; 4000000000; 1; n_drain; 0.01098592337; -3.950609689E-06
10; 8; 3; 6000000000; 1; n_drain; 0.00141253265; -8.588135037E-07
10; 8; 4; 8000000000; 1; n_drain; 9.101473775E-05; -1.100335152E-07
10; 9; 0; 0; 0; n_gate; -0.06099999878; 0
10; 9; 1; 2000000000; 0; n_gate; 0.01680558886; 1.783122261E-14
10; 9; 2; 4000000000; 0; n_gate; -1.226634733E-18; -5.080887426E-19
10; 9; 3; 6000000000; 0; n_gate; 9.503429797E-19; -2.15189835E-18
10; 9; 4; 8000000000; 0; n_gate; 0; -0
10; 9; 0; 0; 1; n_drain; 0.06291221583; 0
10; 9; 1; 2000000000; 1; n_drain; 0.05845643685; -1.029293527E-05
10; 9; 2; 4000000000; 1; n_drain; 0.01394257004; -5.151296854E-06
10; 9; 3; 6000000000; 1; n_drain; 0.001985474993; -1.245911695E-06
10; 9; 4; 8000000000; 1; n_drain; 0.0001391132301; -1.772511089E-07
10; 10; 0; 0; 0; n_gate; -0.06099999878; 0
10; 10; 1; 2000000000; 0; n_gate; 0.01885618083; 2.000656585E-14
10; 10; 2; 4000000000; 0; n_gate; 2.961358209E-18; -1.226634733E-18
10; 10; 3; 6000000000; 0; n_gate; 7.34411245E-19; 6.68387264E-19
10; 10; 4; 8000000000; 0; n_gate; 0; -0
10; 10; 0; 0; 1; n_drain; 0.06661510346; 0
10; 10; 1; 2000000000; 1; n_drain; 0.06729671561; -1.222558038E-05
10; 10; 2; 4000000000; 1; n_drain; 0.01772066943; -6.76972065E-06
10; 10; 3; 6000000000; 1; n_drain; 0.002785084508; -1.817764346E-06
10; 10; 4; 8000000000; 1; n_drain; 0.0002100618993; -2.863380611E-07
11; -50; 0; 0; 0; n_gate; -0.06099999878; 0
11; -50; 1; 2000000000; 0; n_gate; 1.885618083E-05; 2.070656743E-17
11; -50; 2; 4000000000; 0; n_gate; 0; -0
11; -50; 3; 6000000000; 0; n_gate; 4.788254745E-19; -3.516113706E-19
11; -50; 4; 8000000000; 0; n_gate; 0; -0
11; -50; 0; 0; 1; n_drain; 0.04911305042; 0
11; -50; 1; 2000000000; 1; n_drain; 5.886419334E-05; -1.919277134E-08
11; -50; 2; 4000000000; 1; n_drain; 1.680897557E-08; -1.147657149E-11
11; -50; 3; 6000000000; 1; n_drain; 2.859684306E-12; 1.097081094E-14
11; -50; 4; 8000000000; 1; n_drain; -3.469446952E-18; 3.469446952E-18
11; -20; 0; 0; 0; n_gate; -0.06099999878; 0
11; -20; 1; 2000000000; 0; n_gate; 0.000596284794; 6.328488081E-16
11; -20; 2; 4000000000; 0; n_gate; 0; -0
11; -20; 3; 6000000000; 0; n_gate; 7.611569041E-19; 2.042333981E-18
11; -20; 4; 8000000000; 0; n_gate; 0; -0
11; -20; 0; 0; 1; n_drain; 0.04912984304; 0
11; -20; 1; 2000000000; 1; n_drain; 0.001861720231; -6.071200389E-07
11; -20; 2; 4000000000; 1; n_drain; 1.680997373E-05; -1.136562517E-08
11; -20; 3; 6000000000; 1; n_drain; 9.03969144E-08; -1.011587437E-10
11; -20; 4; 8000000000; 1; n_drain; 2.58807073E-10; -5.01276104E-13
11; -19; 0; 0; 0; n_gate; -0.06099999878; 0
11; -19; 1; 2000000000; 0; n_gate; 0.0006690425429; 7.087429602E-16
11; -19; 2; 4000000000; 0; n_gate; 0; -0
11; -19; 3; 6000000000; 0; n_gate; 2.782939092E-19; 2.771458602E-19
11; -19; 4; 8000000000; 0; n_gate; 0; -0
11; -19; 0; 0; 1; n_drain; 0.04913419569; 0
11; -19; 1; 2000000000; 1; n_drain; 0.002088963261; -6.812509172E-07
11; -19; 2; 4000000000; 1; n_drain; 2.116283867E-05; -1.430924627E-08
11; -19; 3; 6000000000; 1; n_drain; 1.276884981E-07; -1.429796393E-10
11; -19; 4; 8000000000; 1; n_drain; 4.101476311E-10; -8.674762297E-13
11; -18; 0; 0; 0; n_gate; -0.06099999878; 0
11; -18; 1; 2000000000; 0; n_gate; 0.0007506780798; 7.962380755E-16
11; -18; 2; 4000000000; 0; n_gate; 0; -0
11; -18; 3; 6000000000; 0; n_gate; 5.9343084E-19; -1.036103934E-18
11; -18; 4; 8000000000; 0; n_gate; 0; -0
11; -18; 0; 0; 1; n_drain; 0.04913967549; 0
11; -18; 1; 2000000000; 1; n_drain; 0.002343966648; -7.644527726E-07
11; -18; 2; 4000000000; 1; n_drain; 2.6642971E-05; -1.801565072E-08
11; -18; 3; 6000000000; 1; n_drain; 1.803638414E-07; -2.019263893E-10
11; -18; 4; 8000000000; 1; n_drain; 6.500383946E-10; -1.337790989E-12
11; -17; 0; 0; 0; n_gate; -0.06099999878; 0
11; -17; 1; 2000000000; 0; n_gate; 0.0008422746588; 8.944125822E-16
11; -17; 2; 4000000000; 0; n_gate; 0; -0
11; -17; 3; 6000000000; 0; n_gate; -5.489941186E-19; -1.314670794E-18
11; -17; 4; 8000000000; 0; n_gate; 0; -0
11; -17; 0; 0; 1; n_drain; 0.04914657438; 0
11; -17; 1; 2000000000; 1; n_drain; 0.002630131077; -8.578384296E-07
11; -17; 2; 4000000000; 1; n_drain; 3.354236197E-05; -2.268256566E-08
11; -17; 3; 6000000000; 1; n_drain; 2.547691239E-07; -2.852430149E-10
11; -17; 4; 8000000000; 1; n_drain; 1.03015739E-09; -2.116827547E-12
11; -16; 0; 0; 0; n_gate; -0.06099999878; 0
11; -16; 1; 2000000000; 0; n_gate; 0.0009450477107; 1.001640177E-15
11; -16; 2; 4000000000; 0; n_gate; 0; -0
11; -16; 3; 6000000000; 0; n_gate; -1.089630686E-18; -4.108361181E-19
11; -16; 4; 8000000000; 0; n_gate; 0; -0
11; -16; 0; 0; 1; n_drain; 0.04915525995; 0
11; -16; 1; 2000000000; 1; n_drain; 0.002951277713; -9.626635796E-07
11; -16; 2; 4000000000; 1; n_drain; 4.222867692E-05; -2.855907205E-08
11; -16; 3; 6000000000; 1; n_drain; 3.598681154E-07; -4.029561031E-10
11; -16; 4; 8000000000; 1; n_drain; 1.632627856E-09; -3.366897039E-12
11; -15; 0; 0; 0; n_gate; -0.06099999878; 0
11; -15; 1; 2000000000; 0; n_gate; 0.001060360972; 1.1277871E-15
11; -15; 2; 4000000000; 0; n_gate; 0; -0
11; -15; 3; 6000000000; 0; n_gate; -2.263113581E-18; 4.204432955E-19
11; -15; 4; 8000000000; 0; n_gate; 0; -0
11; -15; 0; 0; 1; n_drain; 0.04916619502; 0
11; -15; 1; 2000000000; 1; n_drain; 0.003311701789; -1.080342458E-06
11; -15; 2; 4000000000; 1; n_drain; 5.316488612E-05; -3.595915076E-08
11; -15; 3; 6000000000; 1; n_drain; 5.083221858E-07; -5.692515372E-10
11; -15; 4; 8000000000; 1; n_drain; 2.58710519E-09; -5.328400915E-12
11; -14; 0; 0; 0; n_gate; -0.06099999878; 0
11; -14; 1; 2000000000; 0; n_gate; 0.001189744578; 1.26244501E-15
11; -14; 2; 4000000000; 0; n_gate; 0; -0
11; -14; 3; 6000000000; 0; n_gate; -4.241465413E-19; -5.16869648E-19
11; -14; 4; 8000000000; 0; n_gate; 0; -0
11; -14; 0; 0; 1; n_drain; 0.04917996239; 0
11; -14; 1; 2000000000; 1; n_drain; 0.003716233697; -1.212492677E-06
11; -14; 2; 4000000000; 1; n_drain; 6.693401234E-05; -4.527942135E-08
11; -14; 3; 6000000000; 1; n_drain; 7.180153899E-07; -8.042560614E-10
11; -14; 4; 8000000000; 1; n_drain; 4.099775092E-09; -8.454386496E-12
11; -13; 0; 0; 0; n_gate; -0.06099999878; 0
11; -13; 1; 2000000000; 0; n_gate; 0.001334915373; 1.415751197E-15
11; -13; 2; 4000000000; 0; n_gate; 0; -0
11; -13; 3; 6000000000; 0; n_gate; 1.131710233E-18; -1.705476234E-18
11; -13; 4; 8000000000; 0; n_gate; 0; -0
11; -13; 0; 0; 1; n_drain; 0.04919729597; 0
11; -13; 1; 2000000000; 1; n_drain; 0.00417030875; -1.360877298E-06
11; -13; 2; 4000000000; 1; n_drain; 8.427028171E-05; -5.701744932E-08
11; -13; 3; 6000000000; 1; n_drain; 1.014207811E-06; -1.136264587E-09
11; -13; 4; 8000000000; 1; n_drain; 6.496494297E-09; -1.341222272E-11
11; -12; 0; 0; 0; n_gate; -0.06099999878; 0
11; -12; 1; 2000000000; 0; n_gate; 0.001497799683; 1.591175108E-15
11; -12; 2; 4000000000; 0; n_gate; 0; -0
11; -12; 3; 6000000000; 0; n_gate; -2.032855001E-18; -1.661680757E-18
11; -12; 4; 8000000000; 0; n_gate; 0; -0
11; -12; 0; 0; 1; n_drain; 0.04921912; 0
11; -12; 1; 2000000000; 1; n_drain; 0.004680047552; -1.527548455E-06
11; -12; 2; 4000000000; 1; n_drain; 0.0001060984803; -7.180282912E-08
11; -12; 3; 6000000000; 1; n_drain; 1.432578043E-06; -1.605354761E-09
11; -12; 4; 8000000000; 1; n_drain; 1.029388984E-08; -2.128728097E-11
11; -11; 0; 0; 0; n_gate; -0.06099999878; 0
11; -11; 1; 2000000000; 0; n_gate; 0.001680558886; 1.783620994E-15
11; -11; 2; 4000000000; 0; n_gate; 1.226634733E-18; -1.226634733E-18
11; -11; 3; 6000000000; 0; n_gate; 3.012883599E-18; -2.783293047E-18
11; -11; 4; 8000000000; 0; n_gate; 0; -0
11; -11; 0; 0; 1; n_drain; 0.04924659854; 0
11; -11; 1; 2000000000; 1; n_drain; 0.005252348611; -1.71481219E-06
11; -11; 2; 4000000000; 1; n_drain; 0.0001335835104; -9.042956672E-08
11; -11; 3; 6000000000; 1; n_drain; 2.023519461E-06; -2.268306968E-09
11; -11; 4; 8000000000; 1; n_drain; 1.630999262E-08; -3.370778309E-11
11; -10; 0; 0; 0; n_gate; -0.06099999878; 0
11; -10; 1; 2000000000; 0; n_gate; 0.001885618083; 2.00100353E-15
11; -10; 2; 4000000000; 0; n_gate; 0; -0
11; -10; 3; 6000000000; 0; n_gate; -4.297265555E-21; 2.025895755E-18
11; -10; 4; 8000000000; 0; n_gate; 0; -0
11; -10; 0; 0; 1; n_drain; 0.04928119787; 0
11; -10; 1; 2000000000; 1; n_drain; 0.005894996109; -1.925286708E-06
11; -10; 2; 4000000000; 1; n_drain; 0.0001681929641; -1.138997674E-07
11; -10; 3; 6000000000; 1; n_drain; 2.858206704E-06; -3.205320085E-09
11; -10; 4; 8000000000; 1; n_drain; 2.584025564E-08; -5.343805606E-11
11; -9; 0; 0; 0; n_gate; -0.06099999878; 0
11; -9; 1; 2000000000; 0; n_gate; 0.002115698287; 2.244298497E-15
11; -9; 2; 4000000000; 0; n_gate; 0; -0
11; -9; 3; 6000000000; 0; n_gate; -4.641300304E-20; -8.567965567E-19
11; -9; 4; 8000000000; 0; n_gate; 0; -0
11; -9; 0; 0; 1; n_drain; 0.04932476518; 0
11; -9; 1; 2000000000; 1; n_drain; 0.006616786074; -2.16195358E-06
11; -9; 2; 4000000000; 1; n_drain; 0.0002117761188; -1.434795617E-07
11; -9; 3; 6000000000; 1; n_drain; 4.037162672E-06; -4.529766709E-09
11; -9; 4; 8000000000; 1; n_drain; 4.093527935E-08; -8.471778834E-11
11; -8; 0; 0; 0; n_gate; -0.06099999878; 0
11; -8; 1; 2000000000; 0; n_gate; 0.002373852522; 2.515782721E-15
11; -8; 2; 4000000000; 0; n_gate; 0; -0
11; -8; 3; 6000000000; 0; n_gate; 3.354152377E-18; -1.111262937E-18
11; -8; 4; 8000000000; 0; n_gate; 0; -0
11; -8; 0; 0; 1; n_drain; 0.04937962796; 0
11; -8; 1; 2000000000; 1; n_drain; 0.007427675423; -2.428219822E-06
11; -8; 2; 4000000000; 1; n_drain; 0.0002666637494; -1.807700167E-07
11; -8; 3; 6000000000; 1; n_drain; 5.702355435E-06; -6.402293462E-09
11; -8; 4; 8000000000; 1; n_drain; 6.484070352E-08; -1.342735853E-10
11; -7; 0; 0; 0; n_gate; -0.06099999878; 0
11; -7; 1; 2000000000; 0; n_gate; 0.002663506337; 2.826081383E-15
11; -7; 2; 4000000000; 0; n_gate; 1.734723476E-18; -0
11; -7; 3; 6000000000; 0; n_gate; -1.043733068E-18; -1.009600186E-19
11; -7; 4; 8000000000; 0; n_gate; 0; -0
11; -7; 0; 0; 1; n_drain; 0.0494487195; 0
11; -7; 1; 2000000000; 1; n_drain; 0.008338959717; -2.727995787E-06
11; -7; 2; 4000000000; 1; n_drain; 0.0003357943535; -2.277978451E-07
11; -7; 3; 6000000000; 1; n_drain; 8.054275775E-06; -9.050409518E-09
11; -7; 4; 8000000000; 1; n_drain; 1.026908776E-07; -2.129072647E-10
11; -6; 0; 0; 0; n_gate; -0.06099999878; 0
11; -6; 1; 2000000000; 0; n_gate; 0.002988503263; 3.172592397E-15
11; -6; 2; 4000000000; 0; n_gate; 1.734723476E-18; -0
11; -6; 3; 6000000000; 0; n_gate; -1.147976163E-18; 2.026322177E-18
11; -6; 4; 8000000000; 0; n_gate; 0; -0
11; -6; 0; 0; 1; n_drain; 0.04953573765; 0
11; -6; 1; 2000000000; 1; n_drain; 0.009363487481; -3.065793042E-06
11; -6; 2; 4000000000; 1; n_drain; 0.0004228739623; -2.871323268E-07
11; -6; 3; 6000000000; 1; n_drain; 1.137604488E-05; -1.279625386E-08
11; -6; 4; 8000000000; 1; n_drain; 1.626049017E-07; -3.377108662E-10
11; -5; 0; 0; 0; n_gate; -0.06099999878; 0
11; -5; 1; 2000000000; 0; n_gate; 0.003353155812; 3.559435732E-15
11; -5; 2; 4000000000; 0; n_gate; 0; -0
11; -5; 3; 6000000000; 0; n_gate; -1.566943593E-18; 2.525723555E-19
11; -5; 4; 8000000000; 0; n_gate; 0; -0
11; -5; 0; 0; 1; n_drain; 0.04964534563; 0
11; -5; 1; 2000000000; 1; n_drain; 0.01051592166; -3.446849125E-06
11; -5; 2; 4000000000; 1; n_drain; 0.0005325787474; -3.620360171E-07
11; -5; 3; 6000000000; 1; n_drain; 1.606743841E-05; -1.809688351E-08
11; -5; 4; 8000000000; 1; n_drain; 2.574135198E-07; -5.357010599E-10
11; -4; 0; 0; 0; n_gate; -0.06099999878; 0
11; -4; 1; 2000000000; 0; n_gate; 0.003762302702; 3.994851325E-15
11; -4; 2; 4000000000; 0; n_gate; 0; -0
11; -4; 3; 6000000000; 0; n_gate; -1.536883334E-18; -1.867899602E-18
11; -4; 4; 8000000000; 0; n_gate; 0; -0
11; -4; 0; 0; 1; n_drain; 0.04978342664; 0
11; -4; 1; 2000000000; 1; n_drain; 0.01181306257; -3.877290096E-06
11; -4; 2; 4000000000; 1; n_drain; 0.0006708123204; -4.566610509E-07
11; -4; 3; 6000000000; 1; n_drain; 2.269289408E-05; -2.560112209E-08
11; -4; 4; 8000000000; 1; n_drain; 4.073779501E-07; -8.49880593E-10
11; -3; 0; 0; 0; n_gate; -0.06099999878; 0
11; -3; 1; 2000000000; 0; n_gate; 0.004221373062; 4.477971813E-15
11; -3; 2; 4000000000; 0; n_gate; 1.734723476E-18; 1.734723476E-18
11; -3; 3; 6000000000; 0; n_gate; -2.49852425E-19; -2.677183855E-19
11; -3; 4; 8000000000; 0; n_gate; 0; -0
11; -3; 0; 0; 1; n_drain; 0.04995740692; 0
11; -3; 1; 2000000000; 1; n_drain; 0.01327425199; -4.364343148E-06
11; -3; 2; 4000000000; 1; n_drain; 0.0008450331557; -5.76305472E-07
11; -3; 3; 6000000000; 1; n_drain; 3.204922808E-05; -3.623115628E-08
11; -3; 4; 8000000000; 1; n_drain; 6.444616745E-07; -1.348622127E-09
11; -2; 0; 0; 0; n_gate; -0.06099999878; 0
11; -2; 1; 2000000000; 0; n_gate; 0.004736458478; 5.025927591E-15
11; -2; 2; 4000000000; 0; n_gate; 1.226634733E-18; 1.226634733E-18
11; -2; 3; 6000000000; 0; n_gate; 1.188947156E-18; -4.152042236E-19
11; -2; 4; 8000000000; 0; n_gate; 0; -0
11; -2; 0; 0; 1; n_drain; 0.05017666674; 0
11; -2; 1; 2000000000; 1; n_drain; 0.01492188544; -4.916620757E-06
11; -2; 2; 4000000000; 1; n_drain; 0.001064672274; -7.277518276E-07
11; -2; 3; 6000000000; 1; n_drain; 4.526110743E-05; -5.129992035E-08
11; -2; 4; 8000000000; 1; n_drain; 1.019026897E-06; -2.140801304E-09
11; -1; 0; 0; 0; n_gate; -0.06099999878; 0
11; -1; 1; 2000000000; 0; n_gate; 0.00531439382; 5.638718659E-15
11; -1; 2; 4000000000; 0; n_gate; 4.187992943E-18; -0
11; -1; 3; 6000000000; 0; n_gate; -3.791307691E-19; 7.045042372E-19
11; -1; 4; 8000000000; 0; n_gate; 0; -0
11; -1; 0; 0; 1; n_drain; 0.05045306412; 0
11; -1; 1; 2000000000; 1; n_drain; 0.01678206967; -5.544502562E-06
11; -1; 2; 4000000000; 1; n_drain; 0.001341667627; -9.197179992E-07
11; -1; 3; 6000000000; 1; n_drain; 6.391557461E-05; -7.268004289E-08
11; -1; 4; 8000000000; 1; n_drain; 1.610297721E-06; -3.39955171E-09
11; 0; 0; 0; 0; n_gate; -0.06099999878; 0
11; 0; 1; 2000000000; 0; n_gate; 0.00596284794; 6.325669155E-15
11; 0; 2; 4000000000; 0; n_gate; 0; 7.185459907E-19
11; 0; 3; 6000000000; 0; n_gate; 2.324522064E-18; -5.798729552E-19
11; 0; 4; 8000000000; 0; n_gate; 0; -0
11; 0; 0; 0; 1; n_drain; 0.05080160437; 0
11; 0; 1; 2000000000; 1; n_drain; 0.01888547708; -6.260657121E-06
11; 0; 2; 4000000000; 1; n_drain; 0.001691150119; -1.163464105E-06
11; 0; 3; 6000000000; 1; n_drain; 9.02514365E-05; -1.030491332E-07
11; 0; 4; 8000000000; 1; n_drain; 2.542644942E-06; -5.401291834E-09
11; 1; 0; 0; 0; n_gate; -0.06099999878; 0
11; 1; 1; 2000000000; 0; n_gate; 0.006690425429; 7.098922145E-15
11; 1; 2; 4000000000; 0; n_gate; 1.226634733E-18; 1.226634733E-18
11; 1; 3; 6000000000; 0; n_gate; 4.051901242E-18; -1.033415E-19
11; 1; 4; 8000000000; 0; n_gate; 0; -0
11; 1; 0; 0; 1; n_drain; 0.05124129848; 0
11; 1; 1; 2000000000; 1; n_drain; 0.02126846794; -7.080761072E-06
11; 1; 2; 4000000000; 1; n_drain; 0.002132327751; -1.473619461E-06
11; 1; 3; 6000000000; 1; n_drain; 0.0001274255816; -1.462467075E-07
11; 1; 4; 8000000000; 1; n_drain; 4.010792454E-06; -8.586824432E-09
11; 2; 0; 0; 0; n_gate; -0.06099999878; 0
11; 2; 1; 2000000000; 0; n_gate; 0.007506780798; 7.96498284E-15
11; 2; 2; 4000000000; 0; n_gate; 1.734723476E-18; -1.734723476E-18
11; 2; 3; 6000000000; 0; n_gate; -3.035373439E-19; 1.543770198E-18
11; 2; 4; 8000000000; 0; n_gate; 0; -0
11; 2; 0; 0; 1; n_drain; 0.05179626781; 0
11; 2; 1; 2000000000; 1; n_drain; 0.02397457898; -8.024501774E-06
11; 2; 2; 4000000000; 1; n_drain; 0.002689630024; -1.869324291E-06
11; 2; 3; 6000000000; 1; n_drain; 0.0001798868432; -2.077983019E-07
11; 2; 4; 8000000000; 1; n_drain; 6.318554279E-06; -1.366165769E-08
11; 3; 0; 0; 0; n_gate; -0.06099999878; 0
11; 3; 1; 2000000000; 0; n_gate; 0.008422746588; 8.937729029E-15
11; 3; 2; 4000000000; 0; n_gate; 0; 1.734723476E-18
11; 3; 3; 6000000000; 0; n_gate; 3.556882228E-19; 2.801053519E-18
11; 3; 4; 8000000000; 0; n_gate; 0; -0
11; 3; 0; 0; 1; n_drain; 0.05249717126; 0
11; 3; 1; 2000000000; 1; n_drain; 0.02705651425; -9.116988302E-06
11; 3; 2; 4000000000; 1; n_drain; 0.003394196066; -2.375828461E-06
11; 3; 3; 6000000000; 1; n_drain; 0.0002538995693; -2.956902722E-07
11; 3; 4; 8000000000; 1; n_drain; 9.937778217E-06; -2.175592674E-08
11; 4; 0; 0; 0; n_gate; -0.06099999878; 0
11; 4; 1; 2000000000; 0; n_gate; 0.009450477107; 1.003017114E-14
11; 4; 2; 4000000000; 0; n_gate; -1.226634733E-18; -1.226634733E-18
11; 4; 3; 6000000000; 0; n_gate; -4.179093035E-18; -1.364405279E-19
11; 4; 4; 8000000000; 0; n_gate; 0; -0
11; 4; 0; 0; 1; n_drain; 0.05338305675; 0
11; 4; 1; 2000000000; 1; n_drain; 0.03057882456; -1.039075879E-05
11; 4; 2; 4000000000; 1; n_drain; 0.004285818613; -3.026763256E-06
11; 4; 3; 6000000000; 1; n_drain; 0.0003582742443; -4.215250708E-07
11; 4; 4; 8000000000; 1; n_drain; 1.559680899E-05; -3.468561414E-08
11; 5; 0; 0; 0; n_gate; -0.06099999878; 0
11; 5; 1; 2000000000; 0; n_gate; 0.01060360972; 1.124968174E-14
11; 5; 2; 4000000000; 0; n_gate; 0; -0
11; 5; 3; 6000000000; 0; n_gate; -2.33990276E-20; -5.269581406E-19
11; 5; 4; 8000000000; 0; n_gate; 0; -0
11; 5; 0; 0; 1; n_drain; 0.05450377277; 0
11; 5; 1; 2000000000; 1; n_drain; 0.03462152958; -1.188866202E-05
11; 5; 2; 4000000000; 1; n_drain; 0.005415493787; -3.867417634E-06
11; 5; 3; 6000000000; 1; n_drain; 0.0005053816384; -6.022617607E-07
11; 5; 4; 8000000000; 1; n_drain; 2.441063491E-05; -5.53762876E-08
11; 6; 0; 0; 0; n_gate; -0.06099999878; 0
11; 6; 1; 2000000000; 0; n_gate; 0.01189744578; 1.262271537E-14
11; 6; 2; 4000000000; 0; n_gate; -1.226634733E-18; 1.226634733E-18
11; 6; 3; 6000000000; 0; n_gate; 3.415379299E-19; 6.741459639E-19
11; 6; 4; 8000000000; 0; n_gate; 0; -0
11; 6; 0; 0; 1; n_drain; 0.05592311946; 0
11; 6; 1; 2000000000; 1; n_drain; 0.03928502282; -1.366803548E-05
11; 6; 2; 4000000000; 1; n_drain; 0.006848774451; -4.959535051E-06
11; 6; 3; 6000000000; 1; n_drain; 0.0007125491605; -8.628644157E-07
11; 6; 4; 8000000000; 1; n_drain; 3.806670336E-05; -8.855628824E-08
11; 7; 0; 0; 0; n_gate; -0.06099999878; 0
11; 7; 1; 2000000000; 0; n_gate; 0.01334915373; 1.416314982E-14
11; 7; 2; 4000000000; 0; n_gate; -1.226634733E-18; -1.226634733E-18
11; 7; 3; 6000000000; 0; n_gate; 8.67361738E-19; -8.67361738E-19
11; 7; 4; 8000000000; 0; n_gate; 0; -0
11; 7; 0; 0; 1; n_drain; 0.0577229725; 0
11; 7; 1; 2000000000; 1; n_drain; 0.04469670406; -1.580681934E-05
11; 7; 2; 4000000000; 1; n_drain; 0.008670180292; -6.38843301E-06
11; 7; 3; 6000000000; 1; n_drain; 0.00100395932; -1.240376075E-06
11; 7; 4; 8000000000; 1; n_drain; 5.907772215E-05; -1.418949069E-07
11; 8; 0; 0; 0; n_gate; -0.06099999878; 0
11; 8; 1; 2000000000; 0; n_gate; 0.01497799683; 1.589006704E-14
11; 8; 2; 4000000000; 0; n_gate; 0; -0
11; 8; 3; 6000000000; 0; n_gate; 5.501253668E-19; 1.582998323E-18
11; 8; 4; 8000000000; 0; n_gate; 0; -0
11; 8; 0; 0; 1; n_drain; 0.06000867111; 0
11; 8; 1; 2000000000; 1; n_drain; 0.051019894; -1.841258214E-05
11; 8; 2; 4000000000; 1; n_drain; 0.01098896923; -8.273707282E-06
11; 8; 3; 6000000000; 1; n_drain; 0.00141317896; -1.790250365E-06
11; 8; 4; 8000000000; 1; n_drain; 9.109720628E-05; -2.278744146E-07
11; 9; 0; 0; 0; n_gate; -0.06099999878; 0
11; 9; 1; 2000000000; 0; n_gate; 0.01680558886; 1.783122261E-14
11; 9; 2; 4000000000; 0; n_gate; -1.226634733E-18; -5.080887426E-19
11; 9; 3; 6000000000; 0; n_gate; 9.503429797E-19; -2.15189835E-18
11; 9; 4; 8000000000; 0; n_gate; 0; -0
11; 9; 0; 0; 1; n_drain; 0.0629160051; 0
11; 9; 1; 2000000000; 1; n_drain; 0.05846566344; -2.163594434E-05
11; 9; 2; 4000000000; 1; n_drain; 0.01394658929; -1.078549371E-05
11; 9; 3; 6000000000; 1; n_drain; 0.001986415896; -2.596278729E-06
11; 9; 4; 8000000000; 1; n_drain; 0.0001392458733; -3.66875464E-07
11; 10; 0; 0; 0; n_gate; -0.06099999878; 0
11; 10; 1; 2000000000; 0; n_gate; 0.01885618083; 2.000656585E-14
11; 10; 2; 4000000000; 0; n_gate; 2.961358209E-18; -1.226634733E-18
11; 10; 3; 6000000000; 0; n_gate; 7.34411245E-19; 6.68387264E-19
11; 10; 4; 8000000000; 0; n_gate; 0; -0
11; 10; 0; 0; 1; n_drain; 0.06662011698; 0
11; 10; 1; 2000000000; 1; n_drain; 0.06730815916; -2.569064148E-05
11; 10; 2; 4000000000; 1; n_drain; 0.0177260263; -1.416934362E-05
11; 10; 3; 6000000000; 1; n_drain; 0.002786462617; -3.786247005E-06
11; 10; 4; 8000000000; 1; n_drain; 0.0002102756591; -5.922428896E-07
12; -50; 0; 0; 0; n_gate; -0.06099999878; 0
12; -50; 1; 2000000000; 0; n_gate; 1.885618083E-05; 2.070656743E-17
12; -50; 2; 4000000000; 0; n_gate; 0; -0
12; -50; 3; 6000000000; 0; n_gate; 4.788254745E-19; -3.516113706E-19
12; -50; 4; 8000000000; 0; n_gate; 0; -0
12; -50; 0; 0; 1; n_drain; 0.04911305044; 0
12; -50; 1; 2000000000; 1; n_drain; 5.888337905E-05; -2.650536311E-08
12; -50; 2; 4000000000; 1; n_drain; 1.682043631E-08; -1.579315527E-11
12; -50; 3; 6000000000; 1; n_drain; 2.86694324E-12; -5.582527506E-15
12; -50; 4; 8000000000; 1; n_drain; -6.938893904E-18; -4.997738334E-14
12; -20; 0; 0; 0; n_gate; -0.06099999878; 0
12; -20; 1; 2000000000; 0; n_gate; 0.000596284794; 6.328488081E-16
12; -20; 2; 4000000000; 0; n_gate; 0; -0
12; -20; 3; 6000000000; 0; n_gate; 7.611569041E-19; 2.042333981E-18
12; -20; 4; 8000000000; 0; n_gate; 0; -0
12; -20; 0; 0; 1; n_drain; 0.04912985429; 0
12; -20; 1; 2000000000; 1; n_drain; 0.001862327311; -8.384335709E-07
12; -20; 2; 4000000000; 1; n_drain; 1.682133012E-05; -1.55211074E-08
12; -20; 3; 6000000000; 1; n_drain; 9.049798885E-08; -1.364297397E-10
12; -20; 4; 8000000000; 1; n_drain; 2.593324791E-10; -7.276124148E-13
12; -19; 0; 0; 0; n_gate; -0.06099999878; 0
12; -19; 1; 2000000000; 0; n_gate; 0.0006690425429; 7.087429602E-16
12; -19; 2; 4000000000; 0; n_gate; 0; -0
12; -19; 3; 6000000000; 0; n_gate; 2.782939092E-19; 2.771458602E-19
12; -19; 4; 8000000000; 0; n_gate; 0; -0
12; -19; 0; 0; 1; n_drain; 0.04913420984; 0
12; -19; 1; 2000000000; 1; n_drain; 0.002089644524; -9.408074464E-07
12; -19; 2; 4000000000; 1; n_drain; 2.117713657E-05; -1.954100442E-08
12; -19; 3; 6000000000; 1; n_drain; 1.278311988E-07; -1.927102244E-10
12; -19; 4; 8000000000; 1; n_drain; 4.110137612E-10; -1.10498416E-12
12; -18; 0; 0; 0; n_gate; -0.06099999878; 0
12; -18; 1; 2000000000; 0; n_gate; 0.0007506780798; 7.962380755E-16
12; -18; 2; 4000000000; 0; n_gate; 0; -0
12; -18; 3; 6000000000; 0; n_gate; 5.9343084E-19; -1.036103934E-18
12; -18; 4; 8000000000; 0; n_gate; 0; -0
12; -18; 0; 0; 1; n_drain; 0.04913969331; 0
12; -18; 1; 2000000000; 1; n_drain; 0.002344731196; -1.055707958E-06
12; -18; 2; 4000000000; 1; n_drain; 2.666097286E-05; -2.460247322E-08
12; -18; 3; 6000000000; 1; n_drain; 1.80565544E-07; -2.721807903E-10
12; -18; 4; 8000000000; 1; n_drain; 6.513490511E-10; -1.77491008E-12
12; -17; 0; 0; 0; n_gate; -0.06099999878; 0
12; -17; 1; 2000000000; 0; n_gate; 0.0008422746588; 8.944125822E-16
12; -17; 2; 4000000000; 0; n_gate; 0; -0
12; -17; 3; 6000000000; 0; n_gate; -5.489941186E-19; -1.314670794E-18
12; -17; 4; 8000000000; 0; n_gate; 0; -0
12; -17; 0; 0; 1; n_drain; 0.04914659682; 0
12; -17; 1; 2000000000; 1; n_drain; 0.002630989136; -1.184671524E-06
12; -17; 2; 4000000000; 1; n_drain; 3.356502807E-05; -3.097559368E-08
12; -17; 3; 6000000000; 1; n_drain; 2.550540174E-07; -3.845404736E-10
12; -17; 4; 8000000000; 1; n_drain; 1.032320843E-09; -2.822068967E-12
12; -16; 0; 0; 0; n_gate; -0.06099999878; 0
12; -16; 1; 2000000000; 0; n_gate; 0.0009450477107; 1.001640177E-15
12; -16; 2; 4000000000; 0; n_gate; 0; -0
12; -16; 3; 6000000000; 0; n_gate; -1.089630686E-18; -4.108361181E-19
12; -16; 4; 8000000000; 0; n_gate; 0; -0
12; -16; 0; 0; 1; n_drain; 0.04915528819; 0
12; -16; 1; 2000000000; 1; n_drain; 0.002952240786; -1.329431995E-06
12; -16; 2; 4000000000; 1; n_drain; 4.225721666E-05; -3.900057557E-08
12; -16; 3; 6000000000; 1; n_drain; 3.602705363E-07; -5.432293656E-10
12; -16; 4; 8000000000; 1; n_drain; 1.635939488E-09; -4.480769922E-12
12; -15; 0; 0; 0; n_gate; -0.06099999878; 0
12; -15; 1; 2000000000; 0; n_gate; 0.001060360972; 1.1277871E-15
12; -15; 2; 4000000000; 0; n_gate; 0; -0
12; -15; 3; 6000000000; 0; n_gate; -2.263113581E-18; 4.204432955E-19
12; -15; 4; 8000000000; 0; n_gate; 0; -0
12; -15; 0; 0; 1; n_drain; 0.04916623058; 0
12; -15; 1; 2000000000; 1; n_drain; 0.00331278282; -1.491942076E-06
12; -15; 2; 4000000000; 1; n_drain; 5.320082299E-05; -4.910611852E-08
12; -15; 3; 6000000000; 1; n_drain; 5.088906633E-07; -7.673512948E-10
12; -15; 4; 8000000000; 1; n_drain; 2.592475325E-09; -7.06294398E-12
12; -14; 0; 0; 0; n_gate; -0.06099999878; 0
12; -14; 1; 2000000000; 0; n_gate; 0.001189744578; 1.26244501E-15
12; -14; 2; 4000000000; 0; n_gate; 0; -0
12; -14; 3; 6000000000; 0; n_gate; -4.241465413E-19; -5.16869648E-19
12; -14; 4; 8000000000; 0; n_gate; 0; -0
12; -14; 0; 0; 1; n_drain; 0.04918000718; 0
12; -14; 1; 2000000000; 1; n_drain; 0.003717447285; -1.67443508E-06
12; -14; 2; 4000000000; 1; n_drain; 6.697926706E-05; -6.183366737E-08
12; -14; 3; 6000000000; 1; n_drain; 7.188186194E-07; -1.084138869E-09
12; -14; 4; 8000000000; 1; n_drain; 4.108241611E-09; -1.122034063E-11
12; -13; 0; 0; 0; n_gate; -0.06099999878; 0
12; -13; 1; 2000000000; 0; n_gate; 0.001334915373; 1.415751197E-15
12; -13; 2; 4000000000; 0; n_gate; 0; -0
12; -13; 3; 6000000000; 0; n_gate; 1.131710233E-18; -1.705476234E-18
12; -13; 4; 8000000000; 0; n_gate; 0; -0
12; -13; 0; 0; 1; n_drain; 0.04919735237; 0
12; -13; 1; 2000000000; 1; n_drain; 0.004171671314; -1.879344809E-06
12; -13; 2; 4000000000; 1; n_drain; 8.432727324E-05; -7.78627721E-08
12; -13; 3; 6000000000; 1; n_drain; 1.015342524E-06; -1.531647745E-09
12; -13; 4; 8000000000; 1; n_drain; 6.509886536E-09; -1.776558761E-11
12; -12; 0; 0; 0; n_gate; -0.06099999878; 0
12; -12; 1; 2000000000; 0; n_gate; 0.001497799683; 1.591175108E-15
12; -12; 2; 4000000000; 0; n_gate; 0; -0
12; -12; 3; 6000000000; 0; n_gate; -2.032855001E-18; -1.661680757E-18
12; -12; 4; 8000000000; 0; n_gate; 0; -0
12; -12; 0; 0; 1; n_drain; 0.04921919103; 0
12; -12; 1; 2000000000; 1; n_drain; 0.004681577637; -2.109504053E-06
12; -12; 2; 4000000000; 1; n_drain; 0.0001061702589; -9.805315592E-08
12; -12; 3; 6000000000; 1; n_drain; 1.434181406E-06; -2.1640219E-09
12; -12; 4; 8000000000; 1; n_drain; 1.031509626E-08; -2.812931485E-11
12; -11; 0; 0; 0; n_gate; -0.06099999878; 0
12; -11; 1; 2000000000; 0; n_gate; 0.001680558886; 1.783620994E-15
12; -11; 2; 4000000000; 0; n_gate; 1.226634733E-18; -1.226634733E-18
12; -11; 3; 6000000000; 0; n_gate; 3.012883599E-18; -2.783293047E-18
12; -11; 4; 8000000000; 0; n_gate; 0; -0
12; -11; 0; 0; 1; n_drain; 0.049246688; 0
12; -11; 1; 2000000000; 1; n_drain; 0.005254067182; -2.368095699E-06
12; -11; 2; 4000000000; 1; n_drain; 0.0001336739228; -1.234887485E-07
12; -11; 3; 6000000000; 1; n_drain; 2.025785028E-06; -3.057685322E-09
12; -11; 4; 8000000000; 1; n_drain; 1.634367812E-08; -4.460094793E-11
12; -10; 0; 0; 0; n_gate; -0.06099999878; 0
12; -10; 1; 2000000000; 0; n_gate; 0.001885618083; 2.00100353E-15
12; -10; 2; 4000000000; 0; n_gate; 0; -0
12; -10; 3; 6000000000; 0; n_gate; -4.297265555E-21; 2.025895755E-18
12; -10; 4; 8000000000; 0; n_gate; 0; -0
12; -10; 0; 0; 1; n_drain; 0.04928131057; 0
12; -10; 1; 2000000000; 1; n_drain; 0.005896926903; -2.658732984E-06
12; -10; 2; 4000000000; 1; n_drain; 0.0001683068634; -1.555377048E-07
12; -10; 3; 6000000000; 1; n_drain; 2.861408239E-06; -4.320689925E-09
12; -10; 4; 8000000000; 1; n_drain; 2.589359708E-08; -7.074244662E-11
12; -9; 0; 0; 0; n_gate; -0.06099999878; 0
12; -9; 1; 2000000000; 0; n_gate; 0.002115698287; 2.244298497E-15
12; -9; 2; 4000000000; 0; n_gate; 0; -0
12; -9; 3; 6000000000; 0; n_gate; 2.555672211E-18; -8.567965567E-19
12; -9; 4; 8000000000; 0; n_gate; 0; -0
12; -9; 0; 0; 1; n_drain; 0.04932490716; 0
12; -9; 1; 2000000000; 1; n_drain; 0.00661895603; -2.985529807E-06
12; -9; 2; 4000000000; 1; n_drain; 0.0002119196313; -1.959287647E-07
12; -9; 3; 6000000000; 1; n_drain; 4.041687519E-06; -6.105936629E-09
12; -9; 4; 8000000000; 1; n_drain; 4.101981519E-08; -1.121521487E-10
12; -8; 0; 0; 0; n_gate; -0.06099999878; 0
12; -8; 1; 2000000000; 0; n_gate; 0.002373852522; 2.519685849E-15
12; -8; 2; 4000000000; 0; n_gate; 0; -0
12; -8; 3; 6000000000; 0; n_gate; 2.182275298E-18; -4.566151347E-19
12; -8; 4; 8000000000; 0; n_gate; 0; -0
12; -8; 0; 0; 1; n_drain; 0.04937980686; 0
12; -8; 1; 2000000000; 1; n_drain; 0.007430115201; -3.353186353E-06
12; -8; 2; 4000000000; 1; n_drain; 0.0002668446137; -2.468473819E-07
12; -8; 3; 6000000000; 1; n_drain; 5.708751374E-06; -8.629857183E-09
12; -8; 4; 8000000000; 1; n_drain; 6.497467086E-08; -1.778330157E-10
12; -7; 0; 0; 0; n_gate; -0.06099999878; 0
12; -7; 1; 2000000000; 0; n_gate; 0.002663506337; 2.826081383E-15
12; -7; 2; 4000000000; 0; n_gate; 1.734723476E-18; -0
12; -7; 3; 6000000000; 0; n_gate; -1.043733068E-18; -1.009600186E-19
12; -7; 4; 8000000000; 0; n_gate; 0; -0
12; -7; 0; 0; 1; n_drain; 0.04944894498; 0
12; -7; 1; 2000000000; 1; n_drain; 0.008341704328; -3.767095556E-06
12; -7; 2; 4000000000; 1; n_drain; 0.0003360223542; -3.110598812E-07
12; -7; 3; 6000000000; 1; n_drain; 8.063318158E-06; -1.219897555E-08
12; -7; 4; 8000000000; 1; n_drain; 1.02903364E-07; -2.819320159E-10
12; -6; 0; 0; 0; n_gate; -0.06099999878; 0
12; -6; 1; 2000000000; 0; n_gate; 0.002988503263; 3.172592397E-15
12; -6; 2; 4000000000; 0; n_gate; 1.734723476E-18; -0
12; -6; 3; 6000000000; 0; n_gate; -1.147976163E-18; 2.026322177E-18
12; -6; 4; 8000000000; 0; n_gate; 0; -0
12; -6; 0; 0; 1; n_drain; 0.04953602193; 0
12; -6; 1; 2000000000; 1; n_drain; 0.009366577078; -4.233477598E-06
12; -6; 2; 4000000000; 1; n_drain; 0.0004231614833; -3.920727939E-07
12; -6; 3; 6000000000; 1; n_drain; 1.13888315E-05; -1.724737206E-08
12; -6; 4; 8000000000; 1; n_drain; 1.629418666E-07; -4.470825446E-10
12; -5; 0; 0; 0; n_gate; -0.06099999878; 0
12; -5; 1; 2000000000; 0; n_gate; 0.003353155812; 3.559435732E-15
12; -5; 2; 4000000000; 0; n_gate; 0; -0
12; -5; 3; 6000000000; 0; n_gate; -1.566943593E-18; 2.525723555E-19
12; -5; 4; 8000000000; 0; n_gate; 0; -0
12; -5; 0; 0; 1; n_drain; 0.04964570417; 0
12; -5; 1; 2000000000; 1; n_drain; 0.01051940252; -4.759551046E-06
12; -5; 2; 4000000000; 1; n_drain; 0.0005329414844; -4.94338217E-07
12; -5; 3; 6000000000; 1; n_drain; 1.608552473E-05; -2.439090113E-08
12; -5; 4; 8000000000; 1; n_drain; 2.579479617E-07; -7.091121856E-10
12; -4; 0; 0; 0; n_gate; -0.06099999878; 0
12; -4; 1; 2000000000; 0; n_gate; 0.003762302702; 3.994851325E-15
12; -4; 2; 4000000000; 0; n_gate; 0; -0
12; -4; 3; 6000000000; 0; n_gate; -1.536883334E-18; -1.867899602E-18
12; -4; 4; 8000000000; 0; n_gate; 0; -0
12; -4; 0; 0; 1; n_drain; 0.04978387904; 0
12; -4; 1; 2000000000; 1; n_drain; 0.01181698837; -5.353754978E-06
12; -4; 2; 4000000000; 1; n_drain; 0.0006712701998; -6.235207856E-07
12; -4; 3; 6000000000; 1; n_drain; 2.271848568E-05; -3.450333866E-08
12; -4; 4; 8000000000; 1; n_drain; 4.082257356E-07; -1.124908739E-09
12; -3; 0; 0; 0; n_gate; -0.06099999878; 0
12; -3; 1; 2000000000; 0; n_gate; 0.004221373062; 4.477971813E-15
12; -3; 2; 4000000000; 0; n_gate; 1.734723476E-18; 1.734723476E-18
12; -3; 3; 6000000000; 0; n_gate; -2.49852425E-19; -2.677183855E-19
12; -3; 4; 8000000000; 0; n_gate; 0; -0
12; -3; 0; 0; 1; n_drain; 0.0499579781; 0
12; -3; 1; 2000000000; 1; n_drain; 0.01327868545; -6.026040579E-06
12; -3; 2; 4000000000; 1; n_drain; 0.0008456115286; -7.868469229E-07
12; -3; 3; 6000000000; 1; n_drain; 3.208545551E-05; -4.8826683E-08
12; -3; 4; 8000000000; 1; n_drain; 6.45806909E-07; -1.78488839E-09
12; -2; 0; 0; 0; n_gate; -0.06099999878; 0
12; -2; 1; 2000000000; 0; n_gate; 0.004736458478; 5.025927591E-15
12; -2; 2; 4000000000; 0; n_gate; 1.226634733E-18; 1.226634733E-18
12; -2; 3; 6000000000; 0; n_gate; 1.188947156E-18; -4.152042236E-19
12; -2; 4; 8000000000; 0; n_gate; 0; -0
12; -2; 0; 0; 1; n_drain; 0.05017738842; 0
12; -2; 1; 2000000000; 1; n_drain; 0.01492690042; -6.788258637E-06
12; -2; 2; 4000000000; 1; n_drain; 0.001065403476; -9.935650995E-07
12; -2; 3; 6000000000; 1; n_drain; 4.531241923E-05; -6.912852732E-08
12; -2; 4; 8000000000; 1; n_drain; 1.021161981E-06; -2.832978581E-09
12; -1; 0; 0; 0; n_gate; -0.06099999878; 0
12; -1; 1; 2000000000; 0; n_gate; 0.00531439382; 5.638718659E-15
12; -1; 2; 4000000000; 0; n_gate; 4.187992943E-18; -0
12; -1; 3; 6000000000; 0; n_gate; -3.791307691E-19; 7.045042372E-19
12; -1; 4; 8000000000; 0; n_gate; 0; -0
12; -1; 0; 0; 1; n_drain; 0.0504539768; 0
12; -1; 1; 2000000000; 1; n_drain; 0.0167877541; -7.65468172E-06
12; -1; 2; 4000000000; 1; n_drain; 0.001342593036; -1.255557949E-06
12; -1; 3; 6000000000; 1; n_drain; 6.398830181E-05; -9.79293089E-08
12; -1; 4; 8000000000; 1; n_drain; 1.613687769E-06; -4.498064581E-09
12; 0; 0; 0; 0; n_gate; -0.06099999878; 0
12; 0; 1; 2000000000; 0; n_gate; 0.00596284794; 6.327403879E-15
12; 0; 2; 4000000000; 0; n_gate; 1.226634733E-18; -5.080887426E-19
12; 0; 3; 6000000000; 0; n_gate; -7.94912069E-20; -1.575647856E-18
12; 0; 4; 8000000000; 0; n_gate; 0; -0
12; 0; 0; 0; 1; n_drain; 0.05080275992; 0
12; 0; 1; 2000000000; 1; n_drain; 0.0188919368; -8.642715573E-06
12; 0; 2; 4000000000; 1; n_drain; 0.001692322892; -1.588166464E-06
12; 0; 3; 6000000000; 1; n_drain; 9.035460605E-05; -1.388312265E-07
12; 0; 4; 8000000000; 1; n_drain; 2.548029847E-06; -7.145132267E-09
12; 1; 0; 0; 0; n_gate; -0.06099999878; 0
12; 1; 1; 2000000000; 0; n_gate; 0.006690425429; 7.098922145E-15
12; 1; 2; 4000000000; 0; n_gate; 1.226634733E-18; 1.226634733E-18
12; 1; 3; 6000000000; 0; n_gate; 4.051901242E-18; -1.033415E-19
12; 1; 4; 8000000000; 0; n_gate; 0; -0
12; 1; 0; 0; 1; n_drain; 0.05124276367; 0
12; 1; 1; 2000000000; 1; n_drain; 0.02127583197; -9.773879217E-06
12; 1; 2; 4000000000; 1; n_drain; 0.002133816504; -2.011310176E-06
12; 1; 3; 6000000000; 1; n_drain; 0.0001275720936; -1.969971645E-07
12; 1; 4; 8000000000; 1; n_drain; 4.019350766E-06; -1.135623672E-08
12; 2; 0; 0; 0; n_gate; -0.06099999878; 0
12; 2; 1; 2000000000; 0; n_gate; 0.007506780798; 7.96498284E-15
12; 2; 2; 4000000000; 0; n_gate; 1.734723476E-18; -1.734723476E-18
12; 2; 3; 6000000000; 0; n_gate; -3.035373439E-19; 1.543770198E-18
12; 2; 4; 8000000000; 0; n_gate; 0; -0
12; 2; 0; 0; 1; n_drain; 0.05179812894; 0
12; 2; 1; 2000000000; 1; n_drain; 0.02398300687; -1.107516904E-05
12; 2; 2; 4000000000; 1; n_drain; 0.002691523842; -2.551032544E-06
12; 2; 3; 6000000000; 1; n_drain; 0.0001800951844; -2.79852254E-07
12; 2; 4; 8000000000; 1; n_drain; 6.332165422E-06; -1.806175712E-08
12; 3; 0; 0; 0; n_gate; -0.06099999878; 0
12; 3; 1; 2000000000; 0; n_gate; 0.008422746588; 8.937729029E-15
12; 3; 2; 4000000000; 0; n_gate; 0; 1.734723476E-18
12; 3; 3; 6000000000; 0; n_gate; 3.556882228E-19; 2.801053519E-18
12; 3; 4; 8000000000; 0; n_gate; 0; -0
12; 3; 0; 0; 1; n_drain; 0.05249954063; 0
12; 3; 1; 2000000000; 1; n_drain; 0.02706620633; -1.258097673E-05
12; 3; 2; 4000000000; 1; n_drain; 0.003396611419; -3.241660383E-06
12; 3; 3; 6000000000; 1; n_drain; 0.000254196323; -3.98119845E-07
12; 3; 4; 8000000000; 1; n_drain; 9.959442985E-06; -2.875108328E-08
12; 4; 0; 0; 0; n_gate; -0.06099999878; 0
12; 4; 1; 2000000000; 0; n_gate; 0.009450477107; 1.003017114E-14
12; 4; 2; 4000000000; 0; n_gate; -1.226634733E-18; -1.226634733E-18
12; 4; 3; 6000000000; 0; n_gate; -4.179093035E-18; -1.364405279E-19
12; 4; 4; 8000000000; 0; n_gate; 0; -0
12; 4; 0; 0; 1; n_drain; 0.05338608158; 0
12; 4; 1; 2000000000; 1; n_drain; 0.03059003648; -1.433581245E-05
12; 4; 2; 4000000000; 1; n_drain; 0.004288909027; -4.128866821E-06
12; 4; 3; 6000000000; 1; n_drain; 0.0003586977928; -5.67362925E-07
12; 4; 4; 8000000000; 1; n_drain; 1.563132643E-05; -4.58140356E-08
12; 5; 0; 0; 0; n_gate; -0.06099999878; 0
12; 5; 1; 2000000000; 0; n_gate; 0.01060360972; 1.124968174E-14
12; 5; 2; 4000000000; 0; n_gate; 0; -0
12; 5; 3; 6000000000; 0; n_gate; -2.33990276E-20; -5.269581406E-19
12; 5; 4; 8000000000; 0; n_gate; 0; -0
12; 5; 0; 0; 1; n_drain; 0.05450764764; 0
12; 5; 1; 2000000000; 1; n_drain; 0.03463459318; -1.639820615E-05
12; 5; 2; 4000000000; 1; n_drain; 0.005419463586; -5.274078363E-06
12; 5; 3; 6000000000; 1; n_drain; 0.0005059876711; -8.103009919E-07
12; 5; 4; 8000000000; 1; n_drain; 2.446569392E-05; -7.309428081E-08
12; 6; 0; 0; 0; n_gate; -0.06099999878; 0
12; 6; 1; 2000000000; 0; n_gate; 0.01189744578; 1.262184801E-14
12; 6; 2; 4000000000; 0; n_gate; 0; 2.453269467E-18
12; 6; 3; 6000000000; 0; n_gate; -8.05875087E-19; -1.633870105E-18
12; 6; 4; 8000000000; 0; n_gate; 0; -0
12; 6; 0; 0; 1; n_drain; 0.05592810423; 0
12; 6; 1; 2000000000; 1; n_drain; 0.03930037636; -1.884635094E-05
12; 6; 2; 4000000000; 1; n_drain; 0.006853898587; -6.760908805E-06
12; 6; 3; 6000000000; 1; n_drain; 0.0007134189396; -1.160325028E-06
12; 6; 4; 8000000000; 1; n_drain; 3.815464625E-05; -1.167916824E-07
12; 7; 0; 0; 0; n_gate; -0.06099999878; 0
12; 7; 1; 2000000000; 0; n_gate; 0.01334915373; 1.416314982E-14
12; 7; 2; 4000000000; 0; n_gate; -1.226634733E-18; -1.226634733E-18
12; 7; 3; 6000000000; 0; n_gate; 8.67361738E-19; -8.67361738E-19
12; 7; 4; 8000000000; 0; n_gate; 0; -0
12; 7; 0; 0; 1; n_drain; 0.05772941818; 0
12; 7; 1; 2000000000; 1; n_drain; 0.04471493668; -2.178633606E-05
12; 7; 2; 4000000000; 1; n_drain; 0.008676833385; -8.704679489E-06
12; 7; 3; 6000000000; 1; n_drain; 0.001005212203; -1.666885491E-06
12; 7; 4; 8000000000; 1; n_drain; 5.921840068E-05; -1.869351564E-07
12; 8; 0; 0; 0; n_gate; -0.06099999878; 0
12; 8; 1; 2000000000; 0; n_gate; 0.01497799683; 1.589006704E-14
12; 8; 2; 4000000000; 0; n_gate; 0; -0
12; 8; 3; 6000000000; 0; n_gate; 5.501253668E-19; 1.582998323E-18
12; 8; 4; 8000000000; 0; n_gate; 0; -0
12; 8; 0; 0; 1; n_drain; 0.06001705786; 0
12; 8; 1; 2000000000; 1; n_drain; 0.05104181155; -2.536425525E-05
12; 8; 2; 4000000000; 1; n_drain; 0.01099766871; -1.126667609E-05
12; 8; 3; 6000000000; 1; n_drain; 0.001414991541; -2.403827916E-06
12; 8; 4; 8000000000; 1; n_drain; 9.132260595E-05; -2.997929502E-07
12; 9; 0; 0; 0; n_gate; -0.06099999878; 0
12; 9; 1; 2000000000; 0; n_gate; 0.01680558886; 1.783295733E-14
12; 9; 2; 4000000000; 0; n_gate; -1.226634733E-18; -5.080887426E-19
12; 9; 3; 6000000000; 0; n_gate; 1.839199309E-18; -6.784138046E-20
12; 9; 4; 8000000000; 0; n_gate; 0; -0
12; 9; 0; 0; 1; n_drain; 0.06292699888; 0
12; 9; 1; 2000000000; 1; n_drain; 0.05849238724; -2.978413041E-05
12; 9; 2; 4000000000; 1; n_drain; 0.01395806029; -1.467570288E-05
12; 9; 3; 6000000000; 1; n_drain; 0.001989051494; -3.482391228E-06
12; 9; 4; 8000000000; 1; n_drain; 0.0001396075824; -4.818120241E-07
12; 10; 0; 0; 0; n_gate; -0.06099999878; 0
12; 10; 1; 2000000000; 0; n_gate; 0.01885618083; 2.000656585E-14
12; 10; 2; 4000000000; 0; n_gate; 2.961358209E-18; -1.226634733E-18
12; 10; 3; 6000000000; 0; n_gate; 7.34411245E-19; 6.68387264E-19
12; 10; 4; 8000000000; 0; n_gate; 0; -0
12; 10; 0; 0; 1; n_drain; 0.0666346547; 0
12; 10; 1; 2000000000; 1; n_drain; 0.06734127501; -3.533453497E-05
12; 10; 2; 4000000000; 1; n_drain; 0.01774130018; -1.926085672E-05
12; 10; 3; 6000000000; 1; n_drain; 0.002790316927; -5.071562187E-06
12; 10; 4; 8000000000; 1; n_drain; 0.0002108568414; -7.760172621E-07
13; -50; 0; 0; 0; n_gate; -0.06099999878; 0
13; -50; 1; 2000000000; 0; n_gate; 1.885618083E-05; 2.070656743E-17
13; -50; 2; 4000000000; 0; n_gate; 0; -0
13; -50; 3; 6000000000; 0; n_gate; 4.788254745E-19; -3.516113706E-19
13; -50; 4; 8000000000; 0; n_gate; 0; -0
13; -50; 0; 0; 1; n_drain; 0.04911305048; 0
13; -50; 1; 2000000000; 1; n_drain; 5.895550885E-05; -3.388131789E-21
13; -50; 2; 4000000000; 1; n_drain; 1.686313964E-08; -0
13; -50; 3; 6000000000; 1; n_drain; 2.848345926E-12; 9.789924888E-22
13; -50; 4; 8000000000; 1; n_drain; 2.497307916E-14; -0
13; -20; 0; 0; 0; n_gate; -0.06099999878; 0
13; -20; 1; 2000000000; 0; n_gate; 0.000596284794; 6.328488081E-16
13; -20; 2; 4000000000; 0; n_gate; 0; -0
13; -20; 3; 6000000000; 0; n_gate; 7.611569041E-19; 2.042333981E-18
13; -20; 4; 8000000000; 0; n_gate; 0; -0
13; -20; 0; 0; 1; n_drain; 0.04912989575; 0
13; -20; 1; 2000000000; 1; n_drain; 0.001864609636; 1.073360151E-17
13; -20; 2; 4000000000; 1; n_drain; 1.686255589E-05; 2.961227184E-18
13; -20; 3; 6000000000; 1; n_drain; 9.084958754E-08; 1.263386037E-18
13; -20; 4; 8000000000; 1; n_drain; 2.611214613E-10; 3.469446952E-18
13; -19; 0; 0; 0; n_gate; -0.06099999878; 0
13; -19; 1; 2000000000; 0; n_gate; 0.0006690425429; 7.087429602E-16
13; -19; 2; 4000000000; 0; n_gate; 0; -0
13; -19; 3; 6000000000; 0; n_gate; 2.782939092E-19; 2.771458602E-19
13; -19; 4; 8000000000; 0; n_gate; 0; -0
13; -19; 0; 0; 1; n_drain; 0.04913426204; 0
13; -19; 1; 2000000000; 1; n_drain; 0.002092205725; 5.854691731E-18
13; -19; 2; 4000000000; 1; n_drain; 2.122904067E-05; -1.734723476E-18
13; -19; 3; 6000000000; 1; n_drain; 1.283279859E-07; 1.659575772E-18
13; -19; 4; 8000000000; 1; n_drain; 4.137751843E-10; -0
13; -18; 0; 0; 0; n_gate; -0.06099999878; 0
13; -18; 1; 2000000000; 0; n_gate; 0.0007506780798; 7.962380755E-16
13; -18; 2; 4000000000; 0; n_gate; 0; -0
13; -18; 3; 6000000000; 0; n_gate; 5.9343084E-19; -1.036103934E-18
13; -18; 4; 8000000000; 0; n_gate; 0; -0
13; -18; 0; 0; 1; n_drain; 0.04913975903; 0
13; -18; 1; 2000000000; 1; n_drain; 0.002347605481; 6.071532166E-18
13; -18; 2; 4000000000; 1; n_drain; 2.672632279E-05; -0
13; -18; 3; 6000000000; 1; n_drain; 1.812672383E-07; -1.823880311E-18
13; -18; 4; 8000000000; 1; n_drain; 6.557371555E-10; -0
13; -17; 0; 0; 0; n_gate; -0.06099999878; 0
13; -17; 1; 2000000000; 0; n_gate; 0.0008422746588; 8.944125822E-16
13; -17; 2; 4000000000; 0; n_gate; 0; -0
13; -17; 3; 6000000000; 0; n_gate; -5.489941186E-19; -1.314670794E-18
13; -17; 4; 8000000000; 0; n_gate; 0; -0
13; -17; 0; 0; 1; n_drain; 0.04914667957; 0
13; -17; 1; 2000000000; 1; n_drain; 0.002634214942; 9.974659987E-18
13; -17; 2; 4000000000; 1; n_drain; 3.364730903E-05; -4.69595066E-18
13; -17; 3; 6000000000; 1; n_drain; 2.560453561E-07; 5.955965108E-19
13; -17; 4; 8000000000; 1; n_drain; 1.039245093E-09; 3.469446952E-18
13; -16; 0; 0; 0; n_gate; -0.06099999878; 0
13; -16; 1; 2000000000; 0; n_gate; 0.0009450477107; 1.001640177E-15
13; -16; 2; 4000000000; 0; n_gate; 0; -0
13; -16; 3; 6000000000; 0; n_gate; -1.089630686E-18; -4.108361181E-19
13; -16; 4; 8000000000; 0; n_gate; 0; -0
13; -16; 0; 0; 1; n_drain; 0.04915539239; 0
13; -16; 1; 2000000000; 1; n_drain; 0.002955861337; 9.757819552E-18
13; -16; 2; 4000000000; 1; n_drain; 4.23608187E-05; -1.734723476E-18
13; -16; 3; 6000000000; 1; n_drain; 3.616709635E-07; 1.346676507E-18
13; -16; 4; 8000000000; 1; n_drain; 1.646891939E-09; -0
13; -15; 0; 0; 0; n_gate; -0.06099999878; 0
13; -15; 1; 2000000000; 0; n_gate; 0.001060360972; 1.1277871E-15
13; -15; 2; 4000000000; 0; n_gate; 0; -0
13; -15; 3; 6000000000; 0; n_gate; -2.263113581E-18; 4.204432955E-19
13; -15; 4; 8000000000; 0; n_gate; 0; -0
13; -15; 0; 0; 1; n_drain; 0.04916636178; 0
13; -15; 1; 2000000000; 1; n_drain; 0.003316846752; 1.084202172E-17
13; -15; 2; 4000000000; 1; n_drain; 5.33312762E-05; 2.242943244E-18
13; -15; 3; 6000000000; 1; n_drain; 5.108691237E-07; 3.432336321E-19
13; -15; 4; 8000000000; 1; n_drain; 2.609876724E-09; -3.469446952E-18
13; -14; 0; 0; 0; n_gate; -0.06099999878; 0
13; -14; 1; 2000000000; 0; n_gate; 0.001189744578; 1.26244501E-15
13; -14; 2; 4000000000; 0; n_gate; 0; -0
13; -14; 3; 6000000000; 0; n_gate; -4.241465413E-19; -5.16869648E-19
13; -14; 4; 8000000000; 0; n_gate; 0; -0
13; -14; 0; 0; 1; n_drain; 0.04918017239; 0
13; -14; 1; 2000000000; 1; n_drain; 0.003722009449; -4.393187203E-16
13; -14; 2; 4000000000; 1; n_drain; 6.714354215E-05; -1.357963221E-17
13; -14; 3; 6000000000; 1; n_drain; 7.216136397E-07; -2.054028427E-18
13; -14; 4; 8000000000; 1; n_drain; 4.13584585E-09; -0
13; -13; 0; 0; 0; n_gate; -0.06099999878; 0
13; -13; 1; 2000000000; 0; n_gate; 0.001334915373; 1.415751197E-15
13; -13; 2; 4000000000; 0; n_gate; 0; -0
13; -13; 3; 6000000000; 0; n_gate; 1.131710233E-18; -1.705476234E-18
13; -13; 4; 8000000000; 0; n_gate; 0; -0
13; -13; 0; 0; 1; n_drain; 0.04919756041; 0
13; -13; 1; 2000000000; 1; n_drain; 0.004176793379; 1.756407519E-17
13; -13; 2; 4000000000; 1; n_drain; 8.453414955E-05; -0
13; -13; 3; 6000000000; 1; n_drain; 1.019291469E-06; 2.81633161E-18
13; -13; 4; 8000000000; 1; n_drain; 6.553673246E-09; -0
13; -12; 0; 0; 0; n_gate; -0.06099999878; 0
13; -12; 1; 2000000000; 0; n_gate; 0.001497799683; 1.591175108E-15
13; -12; 2; 4000000000; 0; n_gate; 0; -0
13; -12; 3; 6000000000; 0; n_gate; -2.032855001E-18; -1.661680757E-18
13; -12; 4; 8000000000; 0; n_gate; 0; -0
13; -12; 0; 0; 1; n_drain; 0.04921945303; 0
13; -12; 1; 2000000000; 1; n_drain; 0.004687329256; 2.168404345E-17
13; -12; 2; 4000000000; 1; n_drain; 0.0001064308058; 1.226503708E-18
13; -12; 3; 6000000000; 1; n_drain; 1.43976068E-06; 4.901144391E-19
13; -12; 4; 8000000000; 1; n_drain; 1.038457735E-08; -0
13; -11; 0; 0; 0; n_gate; -0.06099999878; 0
13; -11; 1; 2000000000; 0; n_gate; 0.001680558886; 1.783620994E-15
13; -11; 2; 4000000000; 0; n_gate; 1.226634733E-18; -1.226634733E-18
13; -11; 3; 6000000000; 0; n_gate; 3.012883599E-18; -2.783293047E-18
13; -11; 4; 8000000000; 0; n_gate; 0; -0
13; -11; 0; 0; 1; n_drain; 0.04924701799; 0
13; -11; 1; 2000000000; 1; n_drain; 0.005260527059; -2.580401171E-16
13; -11; 2; 4000000000; 1; n_drain; 0.0001340020984; -1.184490873E-17
13; -11; 3; 6000000000; 1; n_drain; 2.03366844E-06; -2.66021285E-18
13; -11; 4; 8000000000; 1; n_drain; 1.645373244E-08; -0
13; -10; 0; 0; 0; n_gate; -0.06099999878; 0
13; -10; 1; 2000000000; 0; n_gate; 0.001885618083; 2.00100353E-15
13; -10; 2; 4000000000; 0; n_gate; 0; -0
13; -10; 3; 6000000000; 0; n_gate; -4.297265555E-21; 2.025895755E-18
13; -10; 4; 8000000000; 0; n_gate; 0; -0
13; -10; 0; 0; 1; n_drain; 0.04928172622; 0
13; -10; 1; 2000000000; 1; n_drain; 0.005904184125; 2.341876693E-17
13; -10; 2; 4000000000; 1; n_drain; 0.0001687202759; -0
13; -10; 3; 6000000000; 1; n_drain; 2.872548212E-06; -5.862526786E-19
13; -10; 4; 8000000000; 1; n_drain; 2.60680514E-08; -0
13; -9; 0; 0; 0; n_gate; -0.06099999878; 0
13; -9; 1; 2000000000; 0; n_gate; 0.002115698287; 2.244298497E-15
13; -9; 2; 4000000000; 0; n_gate; 0; -0
13; -9; 3; 6000000000; 0; n_gate; 2.555672211E-18; -8.567965567E-19
13; -9; 4; 8000000000; 0; n_gate; 0; -0
13; -9; 0; 0; 1; n_drain; 0.0493254308; 0
13; -9; 1; 2000000000; 1; n_drain; 0.006627111658; -2.519685849E-16
13; -9; 2; 4000000000; 1; n_drain; 0.0002124405051; -1.72659196E-17
13; -9; 3; 6000000000; 1; n_drain; 4.057430763E-06; -1.287595959E-18
13; -9; 4; 8000000000; 1; n_drain; 4.129640269E-08; -0
13; -8; 0; 0; 0; n_gate; -0.06099999878; 0
13; -8; 1; 2000000000; 0; n_gate; 0.002373852522; 2.519685849E-15
13; -8; 2; 4000000000; 0; n_gate; 0; -0
13; -8; 3; 6000000000; 0; n_gate; 2.182275298E-18; -4.566151347E-19
13; -8; 4; 8000000000; 0; n_gate; 0; -0
13; -8; 0; 0; 1; n_drain; 0.04938046666; 0
13; -8; 1; 2000000000; 1; n_drain; 0.007439284189; 9.581311439E-15
13; -8; 2; 4000000000; 1; n_drain; 0.0002675010183; 1.76488327E-14
13; -8; 3; 6000000000; 1; n_drain; 5.731002994E-06; 2.305183458E-14
13; -8; 4; 8000000000; 1; n_drain; 6.541311822E-08; 2.495226248E-14
13; -7; 0; 0; 0; n_gate; -0.06099999878; 0
13; -7; 1; 2000000000; 0; n_gate; 0.002663506337; 2.826081383E-15
13; -7; 2; 4000000000; 0; n_gate; 1.734723476E-18; -0
13; -7; 3; 6000000000; 0; n_gate; -1.043733068E-18; -1.009600186E-19
13; -7; 4; 8000000000; 0; n_gate; 0; -0
13; -7; 0; 0; 1; n_drain; 0.04944977654; 0
13; -7; 1; 2000000000; 1; n_drain; 0.008352017867; -1.595945598E-16
13; -7; 2; 4000000000; 1; n_drain; 0.0003368497701; -1.431146868E-17
13; -7; 3; 6000000000; 1; n_drain; 8.094773836E-06; -1.416874363E-18
13; -7; 4; 8000000000; 1; n_drain; 1.035983904E-07; -0
13; -6; 0; 0; 0; n_gate; -0.06099999878; 0
13; -6; 1; 2000000000; 0; n_gate; 0.002988503263; 3.172592397E-15
13; -6; 2; 4000000000; 0; n_gate; 1.734723476E-18; -0
13; -6; 3; 6000000000; 0; n_gate; -1.147976163E-18; 2.026322177E-18
13; -6; 4; 8000000000; 0; n_gate; 0; -0
13; -6; 0; 0; 1; n_drain; 0.04953707025; 0
13; -6; 1; 2000000000; 1; n_drain; 0.009378185497; -4.163336342E-16
13; -6; 2; 4000000000; 1; n_drain; 0.0004242048054; -4.044074103E-17
13; -6; 3; 6000000000; 1; n_drain; 1.143330713E-05; -3.851035295E-18
13; -6; 4; 8000000000; 1; n_drain; 1.640438035E-07; -0
13; -5; 0; 0; 0; n_gate; -0.06099999878; 0
13; -5; 1; 2000000000; 0; n_gate; 0.003353155812; 3.559435732E-15
13; -5; 2; 4000000000; 0; n_gate; 0; -0
13; -5; 3; 6000000000; 0; n_gate; -1.566943593E-18; 2.525723555E-19
13; -5; 4; 8000000000; 0; n_gate; 0; -0
13; -5; 0; 0; 1; n_drain; 0.04964702622; 0
13; -5; 1; 2000000000; 1; n_drain; 0.01053247893; 4.423544864E-17
13; -5; 2; 4000000000; 1; n_drain; 0.0005342575927; 4.174178364E-18
13; -5; 3; 6000000000; 1; n_drain; 1.614842518E-05; 1.234127004E-18
13; -5; 4; 8000000000; 1; n_drain; 2.596952759E-07; -0
13; -4; 0; 0; 0; n_gate; -0.06099999878; 0
13; -4; 1; 2000000000; 0; n_gate; 0.003762302702; 3.994851325E-15
13; -4; 2; 4000000000; 0; n_gate; 0; -0
13; -4; 3; 6000000000; 0; n_gate; -1.536883334E-18; -1.867899602E-18
13; -4; 4; 8000000000; 0; n_gate; 0; -0
13; -4; 0; 0; 1; n_drain; 0.04978554705; 0
13; -4; 1; 2000000000; 1; n_drain; 0.01183173329; 2.504593755E-14
13; -4; 2; 4000000000; 1; n_drain; 0.0006729312744; 8.375461782E-18
13; -4; 3; 6000000000; 1; n_drain; 2.280747179E-05; -2.499474118E-14
13; -4; 4; 8000000000; 1; n_drain; 4.109967368E-07; -0
13; -3; 0; 0; 0; n_gate; -0.06099999878; 0
13; -3; 1; 2000000000; 0; n_gate; 0.004221373062; 4.477971813E-15
13; -3; 2; 4000000000; 0; n_gate; 1.734723476E-18; 1.734723476E-18
13; -3; 3; 6000000000; 0; n_gate; -2.49852425E-19; -2.677183855E-19
13; -3; 4; 8000000000; 0; n_gate; 0; -0
13; -3; 0; 0; 1; n_drain; 0.04996008378; 0
13; -3; 1; 2000000000; 1; n_drain; 0.01329533279; 6.15826834E-17
13; -3; 2; 4000000000; 1; n_drain; 0.0008477093474; 1.00830802E-17
13; -3; 3; 6000000000; 1; n_drain; 3.221139456E-05; 2.634272466E-18
13; -3; 4; 8000000000; 1; n_drain; 6.502019733E-07; -0
13; -2; 0; 0; 0; n_gate; -0.06099999878; 0
13; -2; 1; 2000000000; 0; n_gate; 0.004736458478; 5.025927591E-15
13; -2; 2; 4000000000; 0; n_gate; 1.226634733E-18; 1.226634733E-18
13; -2; 3; 6000000000; 0; n_gate; 1.188947156E-18; -4.152042236E-19
13; -2; 4; 8000000000; 0; n_gate; 0; -0
13; -2; 0; 0; 1; n_drain; 0.05018004848; 0
13; -2; 1; 2000000000; 1; n_drain; 0.01494572536; 2.312559866E-14
13; -2; 2; 4000000000; 1; n_drain; 0.001068055023; 1.766360495E-14
13; -2; 3; 6000000000; 1; n_drain; 4.549074447E-05; -9.55013385E-15
13; -2; 4; 8000000000; 1; n_drain; 1.028134121E-06; -2.495920137E-14
13; -1; 0; 0; 0; n_gate; -0.06099999878; 0
13; -1; 1; 2000000000; 0; n_gate; 0.00531439382; 5.638718659E-15
13; -1; 2; 4000000000; 0; n_gate; 4.187992943E-18; -0
13; -1; 3; 6000000000; 0; n_gate; -3.791307691E-19; 7.045042372E-19
13; -1; 4; 8000000000; 0; n_gate; 0; -0
13; -1; 0; 0; 1; n_drain; 0.05045734016; 0
13; -1; 1; 2000000000; 1; n_drain; 0.01680908347; 2.461052195E-14
13; -1; 2; 4000000000; 1; n_drain; 0.001345947876; -6.364266752E-17
13; -1; 3; 6000000000; 1; n_drain; 6.424095921E-05; -2.499961331E-14
13; -1; 4; 8000000000; 1; n_drain; 1.624750591E-06; -0
13; 0; 0; 0; 0; n_gate; -0.06099999878; 0
13; 0; 1; 2000000000; 0; n_gate; 0.00596284794; 6.325669155E-15
13; 0; 2; 4000000000; 0; n_gate; 0; 7.185459907E-19
13; 0; 3; 6000000000; 0; n_gate; 2.324522064E-18; -5.798729552E-19
13; 0; 4; 8000000000; 0; n_gate; 0; -0
13; 0; 0; 0; 1; n_drain; 0.05080701723; 0
13; 0; 1; 2000000000; 1; n_drain; 0.0189161631; 1.732988753E-14
13; 0; 2; 4000000000; 1; n_drain; 0.001696572958; -2.514047998E-14
13; 0; 3; 6000000000; 1; n_drain; 9.071285417E-05; 1.772047813E-14
13; 0; 4; 8000000000; 1; n_drain; 2.565588297E-06; -0
13; 1; 0; 0; 0; n_gate; -0.06099999878; 0
13; 1; 1; 2000000000; 0; n_gate; 0.006690425429; 7.098922145E-15
13; 1; 2; 4000000000; 0; n_gate; 1.226634733E-18; 1.226634733E-18
13; 1; 3; 6000000000; 0; n_gate; 4.051901242E-18; -1.033415E-19
13; 1; 4; 8000000000; 0; n_gate; 0; -0
13; 1; 0; 0; 1; n_drain; 0.05124815994; 0
13; 1; 1; 2000000000; 1; n_drain; 0.02130343251; 5.211629739E-14
13; 1; 2; 4000000000; 1; n_drain; 0.002139209213; 4.25020262E-14
13; 1; 3; 6000000000; 1; n_drain; 0.0001280805451; 1.560451529E-14
13; 1; 4; 8000000000; 1; n_drain; 4.047228158E-06; 2.488287354E-14
13; 2; 0; 0; 0; n_gate; -0.06099999878; 0
13; 2; 1; 2000000000; 0; n_gate; 0.007506780798; 7.96498284E-15
13; 2; 2; 4000000000; 0; n_gate; 1.734723476E-18; -1.734723476E-18
13; 2; 3; 6000000000; 0; n_gate; -3.035373439E-19; 1.543770198E-18
13; 2; 4; 8000000000; 0; n_gate; 0; -0
13; 2; 0; 0; 1; n_drain; 0.05180498064; 0
13; 2; 1; 2000000000; 1; n_drain; 0.02401457013; 1.751723766E-14
13; 2; 2; 4000000000; 1; n_drain; 0.002698379885; 2.488655983E-14
13; 2; 3; 6000000000; 1; n_drain; 0.0001808176674; 1.760490218E-14
13; 2; 4; 8000000000; 1; n_drain; 6.376443398E-06; -0
13; 3; 0; 0; 0; n_gate; -0.06099999878; 0
13; 3; 1; 2000000000; 0; n_gate; 0.008422746588; 8.937729029E-15
13; 3; 2; 4000000000; 0; n_gate; 0; 1.734723476E-18
13; 3; 3; 6000000000; 0; n_gate; 3.556882228E-19; 2.801053519E-18
13; 3; 4; 8000000000; 0; n_gate; 0; -0
13; 3; 0; 0; 1; n_drain; 0.05250825886; 0
13; 3; 1; 2000000000; 1; n_drain; 0.02710246876; 4.78384693E-14
13; 3; 2; 4000000000; 1; n_drain; 0.003405349188; 1.758575924E-14
13; 3; 3; 6000000000; 1; n_drain; 0.0002552244298; -3.453685363E-14
13; 3; 4; 8000000000; 1; n_drain; 1.00298029E-05; -2.493491524E-14
13; 4; 0; 0; 0; n_gate; -0.06099999878; 0
13; 4; 1; 2000000000; 0; n_gate; 0.009450477107; 1.003017114E-14
13; 4; 2; 4000000000; 0; n_gate; -1.226634733E-18; -1.226634733E-18
13; 4; 3; 6000000000; 0; n_gate; -4.179093035E-18; -1.364405279E-19
13; 4; 4; 8000000000; 0; n_gate; 0; -0
13; 4; 0; 0; 1; n_drain; 0.05339720413; 0
13; 4; 1; 2000000000; 1; n_drain; 0.03063193447; 3.180095076E-14
13; 4; 2; 4000000000; 1; n_drain; 0.004300078618; 3.497527788E-14
13; 4; 3; 6000000000; 1; n_drain; 0.0003601634236; 1.337637141E-14
13; 4; 4; 8000000000; 1; n_drain; 1.5743191E-05; -9.714451465E-17
13; 5; 0; 0; 0; n_gate; -0.06099999878; 0
13; 5; 1; 2000000000; 0; n_gate; 0.01060360972; 1.124968174E-14
13; 5; 2; 4000000000; 0; n_gate; 0; -0
13; 5; 3; 6000000000; 0; n_gate; -2.33990276E-20; -5.269581406E-19
13; 5; 4; 8000000000; 0; n_gate; 0; -0
13; 5; 0; 0; 1; n_drain; 0.05452188383; 0
13; 5; 1; 2000000000; 1; n_drain; 0.03468333721; 4.252848074E-14
13; 5; 2; 4000000000; 1; n_drain; 0.005433794805; 2.485164852E-14
13; 5; 3; 6000000000; 1; n_drain; 0.0005080815687; -7.414641817E-15
13; 5; 4; 8000000000; 1; n_drain; 2.464364854E-05; -0
13; 6; 0; 0; 0; n_gate; -0.06099999878; 0
13; 6; 1; 2000000000; 0; n_gate; 0.01189744578; 1.262184801E-14
13; 6; 2; 4000000000; 0; n_gate; 0; 2.453269467E-18
13; 6; 3; 6000000000; 0; n_gate; -8.05875087E-19; -1.633870105E-18
13; 6; 4; 8000000000; 0; n_gate; 0; -0
13; 6; 0; 0; 1; n_drain; 0.05594639845; 0
13; 6; 1; 2000000000; 1; n_drain; 0.03935755796; 6.494457749E-14
13; 6; 2; 4000000000; 1; n_drain; 0.006872369679; 4.222837358E-14
13; 6; 3; 6000000000; 1; n_drain; 0.0007164182739; -1.699920586E-14
13; 6; 4; 8000000000; 1; n_drain; 3.843790305E-05; -2.491409856E-14
13; 7; 0; 0; 0; n_gate; -0.06099999878; 0
13; 7; 1; 2000000000; 0; n_gate; 0.01334915373; 1.416314982E-14
13; 7; 2; 4000000000; 0; n_gate; -1.226634733E-18; -1.226634733E-18
13; 7; 3; 6000000000; 0; n_gate; 8.67361738E-19; -8.67361738E-19
13; 7; 4; 8000000000; 0; n_gate; 0; -0
13; 7; 0; 0; 1; n_drain; 0.05775304138; 0
13; 7; 1; 2000000000; 1; n_drain; 0.04478268418; 2.302324997E-14
13; 7; 2; 4000000000; 1; n_drain; 0.008700770808; 1.763172941E-14
13; 7; 3; 6000000000; 1; n_drain; 0.001009521915; -9.519186654E-15
13; 7; 4; 8000000000; 1; n_drain; 5.966950265E-05; -2.489675133E-14
13; 8; 0; 0; 0; n_gate; -0.06099999878; 0
13; 8; 1; 2000000000; 0; n_gate; 0.01497799683; 1.589006704E-14
13; 8; 2; 4000000000; 0; n_gate; 0; -0
13; 8; 3; 6000000000; 0; n_gate; 5.501253668E-19; 1.582998323E-18
13; 8; 4; 8000000000; 0; n_gate; 0; -0
13; 8; 0; 0; 1; n_drain; 0.06004774084; 0
13; 8; 1; 2000000000; 1; n_drain; 0.05112301912; 6.526723606E-14
13; 8; 2; 4000000000; 1; n_drain; 0.01102889373; 4.229602779E-14
13; 8; 3; 6000000000; 1; n_drain; 0.001421206695; -1.699649536E-14
13; 8; 4; 8000000000; 1; n_drain; 9.204122163E-05; -2.488287354E-14
13; 9; 0; 0; 0; n_gate; -0.06099999878; 0
13; 9; 1; 2000000000; 0; n_gate; 0.01680558886; 1.783295733E-14
13; 9; 2; 4000000000; 0; n_gate; -1.226634733E-18; -5.080887426E-19
13; 9; 3; 6000000000; 0; n_gate; 1.839199309E-18; -6.784138046E-20
13; 9; 4; 8000000000; 0; n_gate; 0; -0
13; 9; 0; 0; 1; n_drain; 0.06296712853; 0
13; 9; 1; 2000000000; 1; n_drain; 0.05859105413; 9.738737594E-14
13; 9; 2; 4000000000; 1; n_drain; 0.01399910651; 4.168887457E-14
13; 9; 3; 6000000000; 1; n_drain; 0.001998051654; -3.885509536E-15
13; 9; 4; 8000000000; 1; n_drain; 0.0001407521313; 2.49245069E-14
13; 10; 0; 0; 0; n_gate; -0.06099999878; 0
13; 10; 1; 2000000000; 0; n_gate; 0.01885618083; 2.000656585E-14
13; 10; 2; 4000000000; 0; n_gate; 2.961358209E-18; -1.226634733E-18
13; 10; 3; 6000000000; 0; n_gate; 7.34411245E-19; 6.68387264E-19
13; 10; 4; 8000000000; 0; n_gate; 0; -0
13; 10; 0; 0; 1; n_drain; 0.06668756523; 0
13; 10; 1; 2000000000; 1; n_drain; 0.06746301039; 7.426004256E-14
13; 10; 2; 4000000000; 1; n_drain; 0.01779573799; 5.941427905E-14
13; 10; 3; 6000000000; 1; n_drain; 0.002803408887; 5.676232054E-15
13; 10; 4; 8000000000; 1; n_drain; 0.0002126776789; -2.081668171E-16
14; -50; 0; 0; 0; n_gate; -0.06099999878; 0
14; -50; 1; 2000000000; 0; n_gate; 1.885618083E-05; 2.254632299E-17
14; -50; 2; 4000000000; 0; n_gate; 0; -0
14; -50; 3; 6000000000; 0; n_gate; 5.8385756E-19; 1.488144191E-18
14; -50; 4; 8000000000; 0; n_gate; 0; -0
14; -50; 0; 0; 1; n_drain; 0.04911305043; 0
14; -50; 1; 2000000000; 1; n_drain; 5.886745822E-05; 3.8057758E-08
14; -50; 2; 4000000000; 1; n_drain; 1.681094242E-08; 2.273736329E-11
14; -50; 3; 6000000000; 1; n_drain; 2.863621208E-12; 4.725490313E-14
14; -50; 4; 8000000000; 1; n_drain; -6.938893904E-18; -2.500083474E-14
14; -20; 0; 0; 0; n_gate; -0.06099999878; 0
14; -20; 1; 2000000000; 0; n_gate; 0.000596284794; 6.328488081E-16
14; -20; 2; 4000000000; 0; n_gate; 0; -0
14; -20; 3; 6000000000; 0; n_gate; 7.611569041E-19; 2.042333981E-18
14; -20; 4; 8000000000; 0; n_gate; 0; -0
14; -20; 0; 0; 1; n_drain; 0.04912984479; 0
14; -20; 1; 2000000000; 1; n_drain; 0.001861823526; 1.203868396E-06
14; -20; 2; 4000000000; 1; n_drain; 1.681209093E-05; 2.249438992E-08
14; -20; 3; 6000000000; 1; n_drain; 9.041761774E-08; 1.998037684E-10
14; -20; 4; 8000000000; 1; n_drain; 2.589638989E-10; 1.06734066E-12
14; -19; 0; 0; 0; n_gate; -0.06099999878; 0
14; -19; 1; 2000000000; 0; n_gate; 0.0006690425429; 7.087429602E-16
14; -19; 2; 4000000000; 0; n_gate; 0; -0
14; -19; 3; 6000000000; 0; n_gate; 2.782939092E-19; 2.771458602E-19
14; -19; 4; 8000000000; 0; n_gate; 0; -0
14; -19; 0; 0; 1; n_drain; 0.04913419788; 0
14; -19; 1; 2000000000; 1; n_drain; 0.002089079178; 1.3508634E-06
14; -19; 2; 4000000000; 1; n_drain; 2.116550423E-05; 2.83202712E-08
14; -19; 3; 6000000000; 1; n_drain; 1.277177382E-07; 2.823085327E-10
14; -19; 4; 8000000000; 1; n_drain; 4.103660016E-10; 1.623087081E-12
14; -18; 0; 0; 0; n_gate; -0.06099999878; 0
14; -18; 1; 2000000000; 0; n_gate; 0.0007506780798; 7.968885968E-16
14; -18; 2; 4000000000; 0; n_gate; 0; -0
14; -18; 3; 6000000000; 0; n_gate; -7.041909398E-20; 5.665715797E-19
14; -18; 4; 8000000000; 0; n_gate; 0; -0
14; -18; 0; 0; 1; n_drain; 0.04913967825; 0
14; -18; 1; 2000000000; 1; n_drain; 0.002344096735; 1.515845402E-06
14; -18; 2; 4000000000; 1; n_drain; 2.664632701E-05; 3.565583574E-08
14; -18; 3; 6000000000; 1; n_drain; 1.804051824E-07; 3.988346691E-10
14; -18; 4; 8000000000; 1; n_drain; 6.503495659E-10; 2.650598491E-12
14; -17; 0; 0; 0; n_gate; -0.06099999878; 0
14; -17; 1; 2000000000; 0; n_gate; 0.0008422746588; 8.944125822E-16
14; -17; 2; 4000000000; 0; n_gate; 0; -0
14; -17; 3; 6000000000; 0; n_gate; -5.489941186E-19; -1.314670794E-18
14; -17; 4; 8000000000; 0; n_gate; 0; -0
14; -17; 0; 0; 1; n_drain; 0.04914657787; 0
14; -17; 1; 2000000000; 1; n_drain; 0.002630277073; 1.701020867E-06
14; -17; 2; 4000000000; 1; n_drain; 3.354658758E-05; 4.489233574E-08
14; -17; 3; 6000000000; 1; n_drain; 2.548275261E-07; 5.633609262E-10
14; -17; 4; 8000000000; 1; n_drain; 1.030668891E-09; 4.167183959E-12
14; -16; 0; 0; 0; n_gate; -0.06099999878; 0
14; -16; 1; 2000000000; 0; n_gate; 0.0009450477107; 1.001640177E-15
14; -16; 2; 4000000000; 0; n_gate; 0; -0
14; -16; 3; 6000000000; 0; n_gate; -1.089630686E-18; -4.108361181E-19
14; -16; 4; 8000000000; 0; n_gate; 0; -0
14; -16; 0; 0; 1; n_drain; 0.04915526433; 0
14; -16; 1; 2000000000; 1; n_drain; 0.002951441574; 1.908879534E-06
14; -16; 2; 4000000000; 1; n_drain; 4.223399759E-05; 5.652283982E-08
14; -16; 3; 6000000000; 1; n_drain; 3.599505926E-07; 7.958598735E-10
14; -16; 4; 8000000000; 1; n_drain; 1.633365783E-09; 6.635053618E-12
14; -15; 0; 0; 0; n_gate; -0.06099999878; 0
14; -15; 1; 2000000000; 0; n_gate; 0.001060360972; 1.1277871E-15
14; -15; 2; 4000000000; 0; n_gate; 0; -0
14; -15; 3; 6000000000; 0; n_gate; -2.263113581E-18; 4.204432955E-19
14; -15; 4; 8000000000; 0; n_gate; 0; -0
14; -15; 0; 0; 1; n_drain; 0.04916620054; 0
14; -15; 1; 2000000000; 1; n_drain; 0.003311885716; 2.142225764E-06
14; -15; 2; 4000000000; 1; n_drain; 5.31715858E-05; 7.1168824E-08
14; -15; 3; 6000000000; 1; n_drain; 5.084387811E-07; 1.124293358E-09
14; -15; 4; 8000000000; 1; n_drain; 2.588397535E-09; 1.050503781E-11
14; -14; 0; 0; 0; n_gate; -0.06099999878; 0
14; -14; 1; 2000000000; 0; n_gate; 0.001189744578; 1.26244501E-15
14; -14; 2; 4000000000; 0; n_gate; 0; -0
14; -14; 3; 6000000000; 0; n_gate; -4.241465413E-19; -5.16869648E-19
14; -14; 4; 8000000000; 0; n_gate; 0; -0
14; -14; 0; 0; 1; n_drain; 0.04917996935; 0
14; -14; 1; 2000000000; 1; n_drain; 0.003716440173; 2.404266941E-06
14; -14; 2; 4000000000; 1; n_drain; 6.694244912E-05; 8.961498844E-08
14; -14; 3; 6000000000; 1; n_drain; 7.181801494E-07; 1.588362869E-09
14; -14; 4; 8000000000; 1; n_drain; 4.101681605E-09; 1.666496802E-11
14; -13; 0; 0; 0; n_gate; -0.06099999878; 0
14; -13; 1; 2000000000; 0; n_gate; 0.001334915373; 1.415751197E-15
14; -13; 2; 4000000000; 0; n_gate; 0; -0
14; -13; 3; 6000000000; 0; n_gate; 1.131710233E-18; -1.705476234E-18
14; -13; 4; 8000000000; 0; n_gate; 0; -0
14; -13; 0; 0; 1; n_drain; 0.04919730473; 0
14; -13; 1; 2000000000; 1; n_drain; 0.004170540565; 2.698498808E-06
14; -13; 2; 4000000000; 1; n_drain; 8.428090658E-05; 1.128461989E-07
14; -13; 3; 6000000000; 1; n_drain; 1.014440434E-06; 2.244069983E-09
14; -13; 4; 8000000000; 1; n_drain; 6.499551543E-09; 2.639989963E-11
14; -12; 0; 0; 0; n_gate; -0.06099999878; 0
14; -12; 1; 2000000000; 0; n_gate; 0.001497799683; 1.591175108E-15
14; -12; 2; 4000000000; 0; n_gate; 0; -0
14; -12; 3; 6000000000; 0; n_gate; -2.032855001E-18; -1.661680757E-18
14; -12; 4; 8000000000; 0; n_gate; 0; -0
14; -12; 0; 0; 1; n_drain; 0.04921913103; 0
14; -12; 1; 2000000000; 1; n_drain; 0.004680307858; 3.028990303E-06
14; -12; 2; 4000000000; 1; n_drain; 0.0001061118618; 1.421086197E-07
14; -12; 3; 6000000000; 1; n_drain; 1.432906766E-06; 3.170556089E-09
14; -12; 4; 8000000000; 1; n_drain; 1.029879606E-08; 4.18602375E-11
14; -11; 0; 0; 0; n_gate; -0.06099999878; 0
14; -11; 1; 2000000000; 0; n_gate; 0.001680558886; 1.783620994E-15
14; -11; 2; 4000000000; 0; n_gate; 1.226634733E-18; -1.226634733E-18
14; -11; 3; 6000000000; 0; n_gate; 3.012883599E-18; -2.783293047E-18
14; -11; 4; 8000000000; 0; n_gate; 0; -0
14; -11; 0; 0; 1; n_drain; 0.04924661243; 0
14; -11; 1; 2000000000; 1; n_drain; 0.00525264097; 3.400313572E-06
14; -11; 2; 4000000000; 1; n_drain; 0.0001336003658; 1.789735123E-07
14; -11; 3; 6000000000; 1; n_drain; 2.023984017E-06; 4.479878905E-09
14; -11; 4; 8000000000; 1; n_drain; 1.63177542E-08; 6.635383215E-11
14; -10; 0; 0; 0; n_gate; -0.06099999878; 0
14; -10; 1; 2000000000; 0; n_gate; 0.001885618083; 2.00100353E-15
14; -10; 2; 4000000000; 0; n_gate; 0; -0
14; -10; 3; 6000000000; 0; n_gate; -4.297265555E-21; 2.025895755E-18
14; -10; 4; 8000000000; 0; n_gate; 0; -0
14; -10; 0; 0; 1; n_drain; 0.04928121537; 0
14; -10; 1; 2000000000; 1; n_drain; 0.005895324551; 3.817659813E-06
14; -10; 2; 4000000000; 1; n_drain; 0.000168214198; 2.254241444E-07
14; -10; 3; 6000000000; 1; n_drain; 2.858863178E-06; 6.330352336E-09
14; -10; 4; 8000000000; 1; n_drain; 2.585254438E-08; 1.051597004E-10
14; -9; 0; 0; 0; n_gate; -0.06099999878; 0
14; -9; 1; 2000000000; 0; n_gate; 0.002115698287; 2.244298497E-15
14; -9; 2; 4000000000; 0; n_gate; 0; -0
14; -9; 3; 6000000000; 0; n_gate; 2.555672211E-18; -8.567965567E-19
14; -9; 4; 8000000000; 0; n_gate; 0; -0
14; -9; 0; 0; 1; n_drain; 0.04932478723; 0
14; -9; 1; 2000000000; 1; n_drain; 0.006617155173; 4.286940114E-06
14; -9; 2; 4000000000; 1; n_drain; 0.0002118028735; 2.839664022E-07
14; -9; 3; 6000000000; 1; n_drain; 4.038090587E-06; 8.946203293E-09
14; -9; 4; 8000000000; 1; n_drain; 4.095477672E-08; 1.668246756E-10
14; -8; 0; 0; 0; n_gate; -0.06099999878; 0
14; -8; 1; 2000000000; 0; n_gate; 0.002373852522; 2.519685849E-15
14; -8; 2; 4000000000; 0; n_gate; 0; -0
14; -8; 3; 6000000000; 0; n_gate; 2.182275298E-18; -4.566151347E-19
14; -8; 4; 8000000000; 0; n_gate; 0; -0
14; -8; 0; 0; 1; n_drain; 0.04937965573; 0
14; -8; 1; 2000000000; 1; n_drain; 0.007428090378; 4.814909169E-06
14; -8; 2; 4000000000; 1; n_drain; 0.0002666974672; 3.577686321E-07
14; -8; 3; 6000000000; 1; n_drain; 5.703667111E-06; 1.264437807E-08
14; -8; 4; 8000000000; 1; n_drain; 6.487156594E-08; 2.644805382E-10
14; -7; 0; 0; 0; n_gate; -0.06099999878; 0
14; -7; 1; 2000000000; 0; n_gate; 0.002663506337; 2.826081383E-15
14; -7; 2; 4000000000; 0; n_gate; 1.734723476E-18; -0
14; -7; 3; 6000000000; 0; n_gate; -1.043733068E-18; -1.009600186E-19
14; -7; 4; 8000000000; 0; n_gate; 0; -0
14; -7; 0; 0; 1; n_drain; 0.04944875451; 0
14; -7; 1; 2000000000; 1; n_drain; 0.008339426464; 5.409319105E-06
14; -7; 2; 4000000000; 1; n_drain; 0.0003358368586; 4.508417401E-07
14; -7; 3; 6000000000; 1; n_drain; 8.056130356E-06; 1.787413692E-08
14; -7; 4; 8000000000; 1; n_drain; 1.02739821E-07; 4.194040601E-10
14; -6; 0; 0; 0; n_gate; -0.06099999878; 0
14; -6; 1; 2000000000; 0; n_gate; 0.002988503263; 3.172592397E-15
14; -6; 2; 4000000000; 0; n_gate; 1.734723476E-18; -0
14; -6; 3; 6000000000; 0; n_gate; -1.147976163E-18; 2.026322177E-18
14; -6; 4; 8000000000; 0; n_gate; 0; -0
14; -6; 0; 0; 1; n_drain; 0.04953578178; 0
14; -6; 1; 2000000000; 1; n_drain; 0.00936401282; 6.079113146E-06
14; -6; 2; 4000000000; 1; n_drain; 0.0004229275632; 5.682701614E-07
14; -6; 3; 6000000000; 1; n_drain; 1.137866774E-05; 2.527182703E-08
14; -6; 4; 8000000000; 1; n_drain; 1.62682582E-07; 6.651200354E-10
14; -5; 0; 0; 0; n_gate; -0.06099999878; 0
14; -5; 1; 2000000000; 0; n_gate; 0.003353155812; 3.559435732E-15
14; -5; 2; 4000000000; 0; n_gate; 0; -0
14; -5; 3; 6000000000; 0; n_gate; -1.566943593E-18; 2.525723555E-19
14; -5; 4; 8000000000; 0; n_gate; 0; -0
14; -5; 0; 0; 1; n_drain; 0.04964540129; 0
14; -5; 1; 2000000000; 1; n_drain; 0.01051651342; 6.834673429E-06
14; -5; 2; 4000000000; 1; n_drain; 0.0005326463699; 7.165103702E-07
14; -5; 3; 6000000000; 1; n_drain; 1.607114885E-05; 3.574001247E-08
14; -5; 4; 8000000000; 1; n_drain; 2.575367406E-07; 1.054993794E-09
14; -4; 0; 0; 0; n_gate; -0.06099999878; 0
14; -4; 1; 2000000000; 0; n_gate; 0.003762302702; 3.994851325E-15
14; -4; 2; 4000000000; 0; n_gate; 0; -0
14; -4; 3; 6000000000; 0; n_gate; -1.536883334E-18; -1.867899602E-18
14; -4; 4; 8000000000; 0; n_gate; 0; -0
14; -4; 0; 0; 1; n_drain; 0.04978349685; 0
14; -4; 1; 2000000000; 1; n_drain; 0.01181372981; 7.68814192E-06
14; -4; 2; 4000000000; 1; n_drain; 0.0006708976788; 9.03778563E-07
14; -4; 3; 6000000000; 1; n_drain; 2.269814529E-05; 5.055996084E-08
14; -4; 4; 8000000000; 1; n_drain; 4.075735508E-07; 1.673713786E-09
14; -3; 0; 0; 0; n_gate; -0.06099999878; 0
14; -3; 1; 2000000000; 0; n_gate; 0.004221373062; 4.477971813E-15
14; -3; 2; 4000000000; 0; n_gate; 1.734723476E-18; 1.734723476E-18
14; -3; 3; 6000000000; 0; n_gate; -2.49852425E-19; -2.677183855E-19
14; -3; 4; 8000000000; 0; n_gate; 0; -0
14; -3; 0; 0; 1; n_drain; 0.04995749555; 0
14; -3; 1; 2000000000; 1; n_drain; 0.01327500531; 8.653842081E-06
14; -3; 2; 4000000000; 1; n_drain; 0.0008451409753; 1.140558188E-06
14; -3; 3; 6000000000; 1; n_drain; 3.205666341E-05; 7.155266236E-08
14; -3; 4; 8000000000; 1; n_drain; 6.447722517E-07; 2.655874545E-09
14; -2; 0; 0; 0; n_gate; -0.06099999878; 0
14; -2; 1; 2000000000; 0; n_gate; 0.004736458478; 5.025927591E-15
14; -2; 2; 4000000000; 0; n_gate; 1.226634733E-18; 1.226634733E-18
14; -2; 3; 6000000000; 0; n_gate; 1.188947156E-18; -4.152042236E-19
14; -2; 4; 8000000000; 0; n_gate; 0; -0
14; -2; 0; 0; 1; n_drain; 0.0501767787; 0
14; -2; 1; 2000000000; 1; n_drain; 0.01492273725; 9.748840627E-06
14; -2; 2; 4000000000; 1; n_drain; 0.001064808582; 1.440269631E-06
14; -2; 3; 6000000000; 1; n_drain; 4.527164183E-05; 1.013105259E-07
14; -2; 4; 8000000000; 1; n_drain; 1.019520191E-06; 4.215812571E-09
14; -1; 0; 0; 0; n_gate; -0.06099999878; 0
14; -1; 1; 2000000000; 0; n_gate; 0.00531439382; 5.638718659E-15
14; -1; 2; 4000000000; 0; n_gate; 4.187992943E-18; -0
14; -1; 3; 6000000000; 0; n_gate; -3.791307691E-19; 7.045042372E-19
14; -1; 4; 8000000000; 0; n_gate; 0; -0
14; -1; 0; 0; 1; n_drain; 0.05045320567; 0
14; -1; 1; 2000000000; 1; n_drain; 0.01678303476; 1.099370394E-05
14; -1; 2; 4000000000; 1; n_drain; 0.001341840135; 1.820161217E-06
14; -1; 3; 6000000000; 1; n_drain; 6.393051126E-05; 1.435310778E-07
14; -1; 4; 8000000000; 1; n_drain; 1.611081699E-06; 6.694580914E-09
14; 0; 0; 0; 0; n_gate; -0.06099999878; 0
14; 0; 1; 2000000000; 0; n_gate; 0.00596284794; 6.325669155E-15
14; 0; 2; 4000000000; 0; n_gate; 0; 7.185459907E-19
14; 0; 3; 6000000000; 0; n_gate; 2.324522064E-18; -5.798729552E-19
14; 0; 4; 8000000000; 0; n_gate; 0; -0
14; 0; 0; 0; 1; n_drain; 0.05080178353; 0
14; 0; 1; 2000000000; 1; n_drain; 0.01888657318; 1.241352972E-05
14; 0; 2; 4000000000; 1; n_drain; 0.001691368734; 2.302509629E-06
14; 0; 3; 6000000000; 1; n_drain; 9.02726354E-05; 2.035007016E-07
14; 0; 4; 8000000000; 1; n_drain; 2.543891651E-06; 1.063609118E-08
14; 1; 0; 0; 0; n_gate; -0.06099999878; 0
14; 1; 1; 2000000000; 0; n_gate; 0.006690425429; 7.098922145E-15
14; 1; 2; 4000000000; 0; n_gate; 1.226634733E-18; 1.226634733E-18
14; 1; 3; 6000000000; 0; n_gate; 4.051901242E-18; -1.033415E-19
14; 1; 4; 8000000000; 0; n_gate; 0; -0
14; 1; 0; 0; 1; n_drain; 0.05124152555; 0
14; 1; 1; 2000000000; 1; n_drain; 0.0212697166; 1.403937039E-05
14; 1; 2; 4000000000; 1; n_drain; 0.00213260526; 2.91625382E-06
14; 1; 3; 6000000000; 1; n_drain; 0.0001274557043; 2.887994608E-07
14; 1; 4; 8000000000; 1; n_drain; 4.012776729E-06; 1.69083765E-08
14; 2; 0; 0; 0; n_gate; -0.06099999878; 0
14; 2; 1; 2000000000; 0; n_gate; 0.007506780798; 7.96498284E-15
14; 2; 2; 4000000000; 0; n_gate; 1.734723476E-18; -1.734723476E-18
14; 2; 3; 6000000000; 0; n_gate; -3.035373439E-19; 1.543770198E-18
14; 2; 4; 8000000000; 0; n_gate; 0; -0
14; 2; 0; 0; 1; n_drain; 0.05179655608; 0
14; 2; 1; 2000000000; 1; n_drain; 0.02397600679; 1.591021511E-05
14; 2; 2; 4000000000; 1; n_drain; 0.002689983026; 3.699251786E-06
14; 2; 3; 6000000000; 1; n_drain; 0.0001799297103; 4.103345249E-07
14; 2; 4; 8000000000; 1; n_drain; 6.321715863E-06; 2.689973324E-08
14; 3; 0; 0; 0; n_gate; -0.06099999878; 0
14; 3; 1; 2000000000; 0; n_gate; 0.008422746588; 8.935560625E-15
14; 3; 2; 4000000000; 0; n_gate; 0; 1.734723476E-18
14; 3; 3; 6000000000; 0; n_gate; 5.512596993E-19; 7.158622175E-19
14; 3; 4; 8000000000; 0; n_gate; 0; -0
14; 3; 0; 0; 1; n_drain; 0.05249753798; 0
14; 3; 1; 2000000000; 1; n_drain; 0.02705815445; 1.807578069E-05
14; 3; 2; 4000000000; 1; n_drain; 0.003394646262; 4.70143837E-06
14; 3; 3; 6000000000; 1; n_drain; 0.0002539606859; 5.83868473E-07
14; 3; 4; 8000000000; 1; n_drain; 9.94282231E-06; 4.283459062E-08
14; 4; 0; 0; 0; n_gate; -0.06099999878; 0
14; 4; 1; 2000000000; 0; n_gate; 0.009450477107; 1.002930378E-14
14; 4; 2; 4000000000; 0; n_gate; 0; -0
14; 4; 3; 6000000000; 0; n_gate; -1.68682414E-19; -3.066960674E-18
14; 4; 4; 8000000000; 0; n_gate; 0; -0
14; 4; 0; 0; 1; n_drain; 0.05338352451; 0
14; 4; 1; 2000000000; 1; n_drain; 0.03058071943; 2.060047881E-05
14; 4; 2; 4000000000; 1; n_drain; 0.004286394607; 5.989311509E-06
14; 4; 3; 6000000000; 1; n_drain; 0.0003583615797; 8.322974158E-07
14; 4; 4; 8000000000; 1; n_drain; 1.560486925E-05; 6.828592681E-08
14; 5; 0; 0; 0; n_gate; -0.06099999878; 0
14; 5; 1; 2000000000; 0; n_gate; 0.01060360972; 1.124968174E-14
14; 5; 2; 4000000000; 0; n_gate; 0; -0
14; 5; 3; 6000000000; 0; n_gate; -2.33990276E-20; -5.269581406E-19
14; 5; 4; 8000000000; 0; n_gate; 0; -0
14; 5; 0; 0; 1; n_drain; 0.05450437131; 0
14; 5; 1; 2000000000; 1; n_drain; 0.03462373375; 2.356911038E-05
14; 5; 2; 4000000000; 1; n_drain; 0.00541623364; 7.652400284E-06
14; 5; 3; 6000000000; 1; n_drain; 0.0005055067933; 1.189081034E-06
14; 5; 4; 8000000000; 1; n_drain; 2.442354021E-05; 1.090085188E-07
14; 6; 0; 0; 0; n_gate; -0.06099999878; 0
14; 6; 1; 2000000000; 0; n_gate; 0.01189744578; 1.262184801E-14
14; 6; 2; 4000000000; 0; n_gate; 0; 2.453269467E-18
14; 6; 3; 6000000000; 0; n_gate; -8.05875087E-19; -1.633870105E-18
14; 6; 4; 8000000000; 0; n_gate; 0; -0
14; 6; 0; 0; 1; n_drain; 0.05592388833; 0
14; 6; 1; 2000000000; 1; n_drain; 0.03928760812; 2.709511732E-05
14; 6; 2; 4000000000; 1; n_drain; 0.006849729379; 9.812728474E-06
14; 6; 3; 6000000000; 1; n_drain; 0.0007127291317; 1.703460008E-06
14; 6; 4; 8000000000; 1; n_drain; 3.808741515E-05; 1.74300812E-07
14; 7; 0; 0; 0; n_gate; -0.06099999878; 0
14; 7; 1; 2000000000; 0; n_gate; 0.01334915373; 1.416314982E-14
14; 7; 2; 4000000000; 0; n_gate; -1.226634733E-18; -1.226634733E-18
14; 7; 3; 6000000000; 0; n_gate; 8.67361738E-19; -8.67361738E-19
14; 7; 4; 8000000000; 0; n_gate; 0; -0
14; 7; 0; 0; 1; n_drain; 0.0577239649; 0
14; 7; 1; 2000000000; 1; n_drain; 0.04469976657; 3.13326521E-05
14; 7; 2; 4000000000; 1; n_drain; 0.008671420073; 1.263885521E-05
14; 7; 3; 6000000000; 1; n_drain; 0.001004219202; 2.448477125E-06
14; 7; 4; 8000000000; 1; n_drain; 5.911105704E-05; 2.792378748E-07
14; 8; 0; 0; 0; n_gate; -0.06099999878; 0
14; 8; 1; 2000000000; 0; n_gate; 0.01497799683; 1.589353649E-14
14; 8; 2; 4000000000; 0; n_gate; -1.226634733E-18; 1.226634733E-18
14; 8; 3; 6000000000; 0; n_gate; -1.96705809E-19; 3.60284871E-18
14; 8; 4; 8000000000; 0; n_gate; 0; -0
14; 8; 0; 0; 1; n_drain; 0.06000995938; 0
14; 8; 1; 2000000000; 1; n_drain; 0.0510235644; 3.6494383E-05
14; 8; 2; 4000000000; 1; n_drain; 0.01099059024; 1.636696985E-05
14; 8; 3; 6000000000; 1; n_drain; 0.001413556123; 3.533433778E-06
14; 8; 4; 8000000000; 1; n_drain; 9.115103692E-05; 4.48343468E-07
14; 9; 0; 0; 0; n_gate; -0.06099999878; 0
14; 9; 1; 2000000000; 0; n_gate; 0.01680558886; 1.783295733E-14
14; 9; 2; 4000000000; 0; n_gate; -1.226634733E-18; -5.080887426E-19
14; 9; 3; 6000000000; 0; n_gate; 1.839199309E-18; -6.784138046E-20
14; 9; 4; 8000000000; 0; n_gate; 0; -0
14; 9; 0; 0; 1; n_drain; 0.06291768886; 0
14; 9; 1; 2000000000; 1; n_drain; 0.05847012243; 4.287795339E-05
14; 9; 2; 4000000000; 1; n_drain; 0.01394872661; 2.133291098E-05
14; 9; 3; 6000000000; 1; n_drain; 0.001986966522; 5.123403447E-06
14; 9; 4; 8000000000; 1; n_drain; 0.0001393331352; 7.216324707E-07
14; 10; 0; 0; 0; n_gate; -0.06099999878; 0
14; 10; 1; 2000000000; 0; n_gate; 0.01885618083; 2.000656585E-14
14; 10; 2; 4000000000; 0; n_gate; 2.961358209E-18; -1.226634733E-18
14; 10; 3; 6000000000; 0; n_gate; 7.34411245E-19; 6.68387264E-19
14; 10; 4; 8000000000; 0; n_gate; 0; -0
14; 10; 0; 0; 1; n_drain; 0.06662233512; 0
14; 10; 1; 2000000000; 1; n_drain; 0.06731366043; 5.090548367E-05
14; 10; 2; 4000000000; 1; n_drain; 0.01772887209; 2.802109922E-05
14; 10; 3; 6000000000; 1; n_drain; 0.002787272021; 7.469972343E-06
14; 10; 4; 8000000000; 1; n_drain; 0.0002104177189; 1.164516949E-06
15; -50; 0; 0; 0; n_gate; -0.06099999878; 0
15; -50; 1; 2000000000; 0; n_gate; 1.885618083E-05; 2.254632299E-17
15; -50; 2; 4000000000; 0; n_gate; 0; -0
15; -50; 3; 6000000000; 0; n_gate; 5.8385756E-19; 1.488144191E-18
15; -50; 4; 8000000000; 0; n_gate; 0; -0
15; -50; 0; 0; 1; n_drain; 0.04911305042; 0
15; -50; 1; 2000000000; 1; n_drain; 5.885313405E-05; 1.475039932E-08
15; -50; 2; 4000000000; 1; n_drain; 1.680233867E-08; 8.830747361E-12
15; -50; 3; 6000000000; 1; n_drain; 2.830009426E-12; 8.090256286E-15
15; -50; 4; 8000000000; 1; n_drain; 2.498695695E-14; -2.499389584E-14
15; -20; 0; 0; 0; n_gate; -0.06099999878; 0
15; -20; 1; 2000000000; 0; n_gate; 0.000596284794; 6.328488081E-16
15; -20; 2; 4000000000; 0; n_gate; 0; -0
15; -20; 3; 6000000000; 0; n_gate; 7.611569041E-19; 2.042333981E-18
15; -20; 4; 8000000000; 0; n_gate; 0; -0
15; -20; 0; 0; 1; n_drain; 0.0491298365; 0
15; -20; 1; 2000000000; 1; n_drain; 0.001861370285; 4.66593981E-07
15; -20; 2; 4000000000; 1; n_drain; 1.680337716E-05; 8.790953124E-09
15; -20; 3; 6000000000; 1; n_drain; 9.03377114E-08; 7.884842459E-11
15; -20; 4; 8000000000; 1; n_drain; 2.584921409E-10; 4.495813444E-13
15; -19; 0; 0; 0; n_gate; -0.06099999878; 0
15; -19; 1; 2000000000; 0; n_gate; 0.0006690425429; 7.087429602E-16
15; -19; 2; 4000000000; 0; n_gate; 0; -0
15; -19; 3; 6000000000; 0; n_gate; 2.782939092E-19; 2.771458602E-19
15; -19; 4; 8000000000; 0; n_gate; 0; -0
15; -19; 0; 0; 1; n_drain; 0.04913418745; 0
15; -19; 1; 2000000000; 1; n_drain; 0.002088570551; 5.235665199E-07
15; -19; 2; 4000000000; 1; n_drain; 2.11545334E-05; 1.106781175E-08
15; -19; 3; 6000000000; 1; n_drain; 1.276048427E-07; 1.113648014E-10
15; -19; 4; 8000000000; 1; n_drain; 4.097249276E-10; 6.827767518E-13
15; -18; 0; 0; 0; n_gate; -0.06099999878; 0
15; -18; 1; 2000000000; 0; n_gate; 0.0007506780798; 7.962380755E-16
15; -18; 2; 4000000000; 0; n_gate; 0; -0
15; -18; 3; 6000000000; 0; n_gate; 5.9343084E-19; -1.036103934E-18
15; -18; 4; 8000000000; 0; n_gate; 0; -0
15; -18; 0; 0; 1; n_drain; 0.04913966511; 0
15; -18; 1; 2000000000; 1; n_drain; 0.002343525928; 5.875106616E-07
15; -18; 2; 4000000000; 1; n_drain; 2.663251412E-05; 1.393458679E-08
15; -18; 3; 6000000000; 1; n_drain; 1.80245741E-07; 1.573361845E-10
15; -18; 4; 8000000000; 1; n_drain; 6.492365673E-10; 1.068232308E-12
15; -17; 0; 0; 0; n_gate; -0.06099999878; 0
15; -17; 1; 2000000000; 0; n_gate; 0.0008422746588; 8.944125822E-16
15; -17; 2; 4000000000; 0; n_gate; 0; -0
15; -17; 3; 6000000000; 0; n_gate; -5.489941186E-19; -1.314670794E-18
15; -17; 4; 8000000000; 0; n_gate; 0; -0
15; -17; 0; 0; 1; n_drain; 0.04914656132; 0
15; -17; 1; 2000000000; 1; n_drain; 0.002629636451; 6.592816356E-07
15; -17; 2; 4000000000; 1; n_drain; 3.352919589E-05; 1.754432534E-08
15; -17; 3; 6000000000; 1; n_drain; 2.546022155E-07; 2.222011468E-10
15; -17; 4; 8000000000; 1; n_drain; 1.028912365E-09; 1.695421581E-12
15; -16; 0; 0; 0; n_gate; -0.06099999878; 0
15; -16; 1; 2000000000; 0; n_gate; 0.0009450477107; 1.001640177E-15
15; -16; 2; 4000000000; 0; n_gate; 0; -0
15; -16; 3; 6000000000; 0; n_gate; -1.089630686E-18; -4.108361181E-19
15; -16; 4; 8000000000; 0; n_gate; 0; -0
15; -16; 0; 0; 1; n_drain; 0.0491552435; 0
15; -16; 1; 2000000000; 1; n_drain; 0.002950722549; 7.398446604E-07
15; -16; 2; 4000000000; 1; n_drain; 4.221209898E-05; 2.208970307E-08
15; -16; 3; 6000000000; 1; n_drain; 3.596323508E-07; 3.139509112E-10
15; -16; 4; 8000000000; 1; n_drain; 1.630606709E-09; 2.680002054E-12
15; -15; 0; 0; 0; n_gate; -0.06099999878; 0
15; -15; 1; 2000000000; 0; n_gate; 0.001060360972; 1.1277871E-15
15; -15; 2; 4000000000; 0; n_gate; 0; -0
15; -15; 3; 6000000000; 0; n_gate; -2.263113581E-18; 4.204432955E-19
15; -15; 4; 8000000000; 0; n_gate; 0; -0
15; -15; 0; 0; 1; n_drain; 0.04916617431; 0
15; -15; 1; 2000000000; 1; n_drain; 0.003311078624; 8.302866592E-07
15; -15; 2; 4000000000; 1; n_drain; 5.314401123E-05; 2.781354733E-08
15; -15; 3; 6000000000; 1; n_drain; 5.079890903E-07; 4.435221698E-10
15; -15; 4; 8000000000; 1; n_drain; 2.584010783E-09; 4.213993737E-12
15; -14; 0; 0; 0; n_gate; -0.06099999878; 0
15; -14; 1; 2000000000; 0; n_gate; 0.001189744578; 1.26244501E-15
15; -14; 2; 4000000000; 0; n_gate; 0; -0
15; -14; 3; 6000000000; 0; n_gate; -4.241465413E-19; -5.16869648E-19
15; -14; 4; 8000000000; 0; n_gate; 0; -0
15; -14; 0; 0; 1; n_drain; 0.04917993631; 0
15; -14; 1; 2000000000; 1; n_drain; 0.003715534113; 9.318510517E-07
15; -14; 2; 4000000000; 1; n_drain; 6.690772481E-05; 3.502262115E-08
15; -14; 3; 6000000000; 1; n_drain; 7.175448627E-07; 6.265802982E-10
15; -14; 4; 8000000000; 1; n_drain; 4.094734298E-09; 6.662465718E-12
15; -13; 0; 0; 0; n_gate; -0.06099999878; 0
15; -13; 1; 2000000000; 0; n_gate; 0.001334915373; 1.415751197E-15
15; -13; 2; 4000000000; 0; n_gate; 0; -0
15; -13; 3; 6000000000; 0; n_gate; 1.131710233E-18; -1.705476234E-18
15; -13; 4; 8000000000; 0; n_gate; 0; -0
15; -13; 0; 0; 1; n_drain; 0.04919726313; 0
15; -13; 1; 2000000000; 1; n_drain; 0.004169523281; 1.04589312E-06
15; -13; 2; 4000000000; 1; n_drain; 8.423717627E-05; 4.410179593E-08
15; -13; 3; 6000000000; 1; n_drain; 1.013542943E-06; 8.852280528E-10
15; -13; 4; 8000000000; 1; n_drain; 6.488572901E-09; 1.055191351E-11
15; -12; 0; 0; 0; n_gate; -0.06099999878; 0
15; -12; 1; 2000000000; 0; n_gate; 0.001497799683; 1.591175108E-15
15; -12; 2; 4000000000; 0; n_gate; 0; -0
15; -12; 3; 6000000000; 0; n_gate; -2.032855001E-18; -1.661680757E-18
15; -12; 4; 8000000000; 0; n_gate; 0; -0
15; -12; 0; 0; 1; n_drain; 0.04921907864; 0
15; -12; 1; 2000000000; 1; n_drain; 0.0046791655; 1.173990484E-06
15; -12; 2; 4000000000; 1; n_drain; 0.000106056785; 5.553810225E-08
15; -12; 3; 6000000000; 1; n_drain; 1.431638643E-06; 1.250692938E-09
15; -12; 4; 8000000000; 1; n_drain; 1.028130818E-08; 1.671859873E-11
15; -11; 0; 0; 0; n_gate; -0.06099999878; 0
15; -11; 1; 2000000000; 0; n_gate; 0.001680558886; 1.783620994E-15
15; -11; 2; 4000000000; 0; n_gate; 1.226634733E-18; -1.226634733E-18
15; -11; 3; 6000000000; 0; n_gate; 3.012883599E-18; -2.783293047E-18
15; -11; 4; 8000000000; 0; n_gate; 0; -0
15; -11; 0; 0; 1; n_drain; 0.04924654645; 0
15; -11; 1; 2000000000; 1; n_drain; 0.005251357887; 1.317915827E-06
15; -11; 2; 4000000000; 1; n_drain; 0.0001335309905; 6.994579398E-08
15; -11; 3; 6000000000; 1; n_drain; 2.022192056E-06; 1.767236343E-09
15; -11; 4; 8000000000; 1; n_drain; 1.629011785E-08; 2.650423978E-11
15; -10; 0; 0; 0; n_gate; -0.06099999878; 0
15; -10; 1; 2000000000; 0; n_gate; 0.001885618083; 2.00100353E-15
15; -10; 2; 4000000000; 0; n_gate; 0; -0
15; -10; 3; 6000000000; 0; n_gate; -4.297265555E-21; 2.025895755E-18
15; -10; 4; 8000000000; 0; n_gate; 0; -0
15; -10; 0; 0; 1; n_drain; 0.04928113226; 0
15; -10; 1; 2000000000; 1; n_drain; 0.005893883021; 1.479682218E-06
15; -10; 2; 4000000000; 1; n_drain; 0.0001681268001; 8.810010556E-08
15; -10; 3; 6000000000; 1; n_drain; 2.856330819E-06; 2.497175899E-09
15; -10; 4; 8000000000; 1; n_drain; 2.58086845E-08; 4.202428336E-11
15; -9; 0; 0; 0; n_gate; -0.06099999878; 0
15; -9; 1; 2000000000; 0; n_gate; 0.002115698287; 2.244298497E-15
15; -9; 2; 4000000000; 0; n_gate; 0; -0
15; -9; 3; 6000000000; 0; n_gate; 2.555672211E-18; -8.567965567E-19
15; -9; 4; 8000000000; 0; n_gate; 0; -0
15; -9; 0; 0; 1; n_drain; 0.04932468252; 0
15; -9; 1; 2000000000; 1; n_drain; 0.00661553508; 1.66158223E-06
15; -9; 2; 4000000000; 1; n_drain; 0.0002116927514; 1.109803147E-07
15; -9; 3; 6000000000; 1; n_drain; 4.034511423E-06; 3.52912971E-09
15; -9; 4; 8000000000; 1; n_drain; 4.088520783E-08; 6.660524909E-11
15; -8; 0; 0; 0; n_gate; -0.06099999878; 0
15; -8; 1; 2000000000; 0; n_gate; 0.002373852522; 2.519685849E-15
15; -8; 2; 4000000000; 0; n_gate; 0; -0
15; -8; 3; 6000000000; 0; n_gate; 2.182275298E-18; -4.566151347E-19
15; -8; 4; 8000000000; 0; n_gate; 0; -0
15; -8; 0; 0; 1; n_drain; 0.0493795238; 0
15; -8; 1; 2000000000; 1; n_drain; 0.007426268832; 1.86623594E-06
15; -8; 2; 4000000000; 1; n_drain; 0.0002665586821; 1.398253862E-07
15; -8; 3; 6000000000; 1; n_drain; 5.698607836E-06; 4.988096127E-09
15; -8; 4; 8000000000; 1; n_drain; 6.476128568E-08; 1.05657795E-10
15; -7; 0; 0; 0; n_gate; -0.06099999878; 0
15; -7; 1; 2000000000; 0; n_gate; 0.002663506337; 2.826081383E-15
15; -7; 2; 4000000000; 0; n_gate; 1.734723476E-18; -0
15; -7; 3; 6000000000; 0; n_gate; -1.043733068E-18; -1.009600186E-19
15; -7; 4; 8000000000; 0; n_gate; 0; -0
15; -7; 0; 0; 1; n_drain; 0.04944858822; 0
15; -7; 1; 2000000000; 1; n_drain; 0.00833737732; 2.096650857E-06
15; -7; 2; 4000000000; 1; n_drain; 0.0003356619009; 1.762030922E-07
15; -7; 3; 6000000000; 1; n_drain; 8.048977462E-06; 7.051341606E-09
15; -7; 4; 8000000000; 1; n_drain; 1.02564949E-07; 1.674934531E-10
15; -6; 0; 0; 0; n_gate; -0.06099999878; 0
15; -6; 1; 2000000000; 0; n_gate; 0.002988503263; 3.172592397E-15
15; -6; 2; 4000000000; 0; n_gate; 1.734723476E-18; -0
15; -6; 3; 6000000000; 0; n_gate; -1.147976163E-18; 2.026322177E-18
15; -6; 4; 8000000000; 0; n_gate; 0; -0
15; -6; 0; 0; 1; n_drain; 0.04953557213; 0
15; -6; 1; 2000000000; 1; n_drain; 0.009361706097; 2.356297507E-06
15; -6; 2; 4000000000; 1; n_drain; 0.0004227069277; 2.221014184E-07
15; -6; 3; 6000000000; 1; n_drain; 1.136855248E-05; 9.969966449E-09
15; -6; 4; 8000000000; 1; n_drain; 1.624051714E-07; 2.656929191E-10
15; -5; 0; 0; 0; n_gate; -0.06099999878; 0
15; -5; 1; 2000000000; 0; n_gate; 0.003353155812; 3.559435732E-15
15; -5; 2; 4000000000; 0; n_gate; 0; -0
15; -5; 3; 6000000000; 0; n_gate; -1.566943593E-18; 2.525723555E-19
15; -5; 4; 8000000000; 0; n_gate; 0; -0
15; -5; 0; 0; 1; n_drain; 0.04964513687; 0
15; -5; 1; 2000000000; 1; n_drain; 0.01051391456; 2.64920585E-06
15; -5; 2; 4000000000; 1; n_drain; 0.0005323680087; 2.800451035E-07
15; -5; 3; 6000000000; 1; n_drain; 1.605684017E-05; 1.41001875E-08
15; -5; 4; 8000000000; 1; n_drain; 2.570966739E-07; 4.214662473E-10
15; -4; 0; 0; 0; n_gate; -0.06099999878; 0
15; -4; 1; 2000000000; 0; n_gate; 0.003762302702; 3.994851325E-15
15; -4; 2; 4000000000; 0; n_gate; 0; -0
15; -4; 3; 6000000000; 0; n_gate; -1.536883334E-18; -1.867899602E-18
15; -4; 4; 8000000000; 0; n_gate; 0; -0
15; -4; 0; 0; 1; n_drain; 0.0497831632; 0
15; -4; 1; 2000000000; 1; n_drain; 0.01181079873; 2.980090537E-06
15; -4; 2; 4000000000; 1; n_drain; 0.0006705462949; 3.532472101E-07
15; -4; 3; 6000000000; 1; n_drain; 2.267789716E-05; 1.99476437E-08
15; -4; 4; 8000000000; 1; n_drain; 4.068753498E-07; 6.686962893E-10
15; -3; 0; 0; 0; n_gate; -0.06099999878; 0
15; -3; 1; 2000000000; 0; n_gate; 0.004221373062; 4.477971813E-15
15; -3; 2; 4000000000; 0; n_gate; 1.734723476E-18; 1.734723476E-18
15; -3; 3; 6000000000; 0; n_gate; -2.49852425E-19; -2.677183855E-19
15; -3; 4; 8000000000; 0; n_gate; 0; -0
15; -3; 0; 0; 1; n_drain; 0.04995707431; 0
15; -3; 1; 2000000000; 1; n_drain; 0.01327169518; 3.354515603E-06
15; -3; 2; 4000000000; 1; n_drain; 0.0008446971051; 4.4580852E-07
15; -3; 3; 6000000000; 1; n_drain; 3.20279973E-05; 2.82311874E-08
15; -3; 4; 8000000000; 1; n_drain; 6.436641363E-07; 1.061140693E-09
15; -2; 0; 0; 0; n_gate; -0.06099999878; 0
15; -2; 1; 2000000000; 0; n_gate; 0.004736458478; 5.025927591E-15
15; -2; 2; 4000000000; 0; n_gate; 1.226634733E-18; 1.226634733E-18
15; -2; 3; 6000000000; 0; n_gate; 1.188947156E-18; -4.152042236E-19
15; -2; 4; 8000000000; 0; n_gate; 0; -0
15; -2; 0; 0; 1; n_drain; 0.05017624646; 0
15; -2; 1; 2000000000; 1; n_drain; 0.01491899289; 3.779113567E-06
15; -2; 2; 4000000000; 1; n_drain; 0.001064247395; 5.629796235E-07
15; -2; 3; 6000000000; 1; n_drain; 4.523103451E-05; 3.997444147E-08
15; -2; 4; 8000000000; 1; n_drain; 1.017760917E-06; 1.684549632E-09
15; -1; 0; 0; 0; n_gate; -0.06099999878; 0
15; -1; 1; 2000000000; 0; n_gate; 0.00531439382; 5.638718659E-15
15; -1; 2; 4000000000; 0; n_gate; 4.187992943E-18; -0
15; -1; 3; 6000000000; 0; n_gate; -3.791307691E-19; 7.045042372E-19
15; -1; 4; 8000000000; 0; n_gate; 0; -0
15; -1; 0; 0; 1; n_drain; 0.05045253257; 0
15; -1; 1; 2000000000; 1; n_drain; 0.0167787905; 4.261881259E-06
15; -1; 2; 4000000000; 1; n_drain; 0.001341129851; 7.115106372E-07
15; -1; 3; 6000000000; 1; n_drain; 6.387294661E-05; 5.663756811E-08
15; -1; 4; 8000000000; 1; n_drain; 1.60828748E-06; 2.675327515E-09
15; 0; 0; 0; 0; n_gate; -0.06099999878; 0
15; 0; 1; 2000000000; 0; n_gate; 0.00596284794; 6.325669155E-15
15; 0; 2; 4000000000; 0; n_gate; 0; 7.185459907E-19
15; 0; 3; 6000000000; 0; n_gate; 2.324522064E-18; -5.798729552E-19
15; 0; 4; 8000000000; 0; n_gate; 0; -0
15; 0; 0; 0; 1; n_drain; 0.05080093131; 0
15; 0; 1; 2000000000; 1; n_drain; 0.01888174997; 4.812583498E-06
15; 0; 2; 4000000000; 1; n_drain; 0.001690468517; 9.001223374E-07
15; 0; 3; 6000000000; 1; n_drain; 9.019095831E-05; 8.030883634E-08
15; 0; 4; 8000000000; 1; n_drain; 2.539451278E-06; 4.251042608E-09
15; 1; 0; 0; 0; n_gate; -0.06099999878; 0
15; 1; 1; 2000000000; 0; n_gate; 0.006690425429; 7.098922145E-15
15; 1; 2; 4000000000; 0; n_gate; 1.226634733E-18; 1.226634733E-18
15; 1; 3; 6000000000; 0; n_gate; 4.051901242E-18; -1.033415E-19
15; 1; 4; 8000000000; 0; n_gate; 0; -0
15; 1; 0; 0; 1; n_drain; 0.05124044497; 0
15; 1; 1; 2000000000; 1; n_drain; 0.02126421804; 5.443310014E-06
15; 1; 2; 4000000000; 1; n_drain; 0.002131462381; 1.140148712E-06
15; 1; 3; 6000000000; 1; n_drain; 0.0001273396836; 1.139836603E-07
15; 1; 4; 8000000000; 1; n_drain; 4.005715649E-06; 6.759140123E-09
15; 2; 0; 0; 0; n_gate; -0.06099999878; 0
15; 2; 1; 2000000000; 0; n_gate; 0.007506780798; 7.96498284E-15
15; 2; 2; 4000000000; 0; n_gate; 1.734723476E-18; -1.734723476E-18
15; 2; 3; 6000000000; 0; n_gate; -3.035373439E-19; 1.543770198E-18
15; 2; 4; 8000000000; 0; n_gate; 0; -0
15; 2; 0; 0; 1; n_drain; 0.05179518348; 0
15; 2; 1; 2000000000; 1; n_drain; 0.02396971367; 6.169252147E-06
15; 2; 2; 4000000000; 1; n_drain; 0.002688529; 1.446424309E-06
15; 2; 3; 6000000000; 1; n_drain; 0.0001797646733; 1.619742124E-07
15; 2; 4; 8000000000; 1; n_drain; 6.310478138E-06; 1.075558642E-08
15; 3; 0; 0; 0; n_gate; -0.06099999878; 0
15; 3; 1; 2000000000; 0; n_gate; 0.008422746588; 8.937729029E-15
15; 3; 2; 4000000000; 0; n_gate; 0; 1.734723476E-18
15; 3; 3; 6000000000; 0; n_gate; 3.556882228E-19; 2.801053519E-18
15; 3; 4; 8000000000; 0; n_gate; 0; -0
15; 3; 0; 0; 1; n_drain; 0.05249579054; 0
15; 3; 1; 2000000000; 1; n_drain; 0.02705091708; 7.009797661E-06
15; 3; 2; 4000000000; 1; n_drain; 0.003392791511; 1.838528121E-06
15; 3; 3; 6000000000; 1; n_drain; 0.0002537255149; 2.30516001E-07
15; 3; 4; 8000000000; 1; n_drain; 9.924919503E-06; 1.713183085E-08
15; 4; 0; 0; 0; n_gate; -0.06099999878; 0
15; 4; 1; 2000000000; 0; n_gate; 0.009450477107; 1.002496697E-14
15; 4; 2; 4000000000; 0; n_gate; -1.226634733E-18; -1.226634733E-18
15; 4; 3; 6000000000; 0; n_gate; 7.013992545E-19; -1.767735466E-18
15; 4; 4; 8000000000; 0; n_gate; 0; -0
15; 4; 0; 0; 1; n_drain; 0.05338129364; 0
15; 4; 1; 2000000000; 1; n_drain; 0.03057234673; 7.990088581E-06
15; 4; 2; 4000000000; 1; n_drain; 0.004284020983; 2.342553603E-06
15; 4; 3; 6000000000; 1; n_drain; 0.0003580257488; 3.286724599E-07
15; 4; 4; 8000000000; 1; n_drain; 1.557631363E-05; 2.732090904E-08
15; 5; 0; 0; 0; n_gate; -0.06099999878; 0
15; 5; 1; 2000000000; 0; n_gate; 0.01060360972; 1.124968174E-14
15; 5; 2; 4000000000; 0; n_gate; 0; -0
15; 5; 3; 6000000000; 0; n_gate; -2.33990276E-20; -5.269581406E-19
15; 5; 4; 8000000000; 0; n_gate; 0; -0
15; 5; 0; 0; 1; n_drain; 0.05450151349; 0
15; 5; 1; 2000000000; 1; n_drain; 0.03461397766; 9.143260688E-06
15; 5; 2; 4000000000; 1; n_drain; 0.005413183791; 2.993663966E-06
15; 5; 3; 6000000000; 1; n_drain; 0.0005050259485; 4.69700721E-07
15; 5; 4; 8000000000; 1; n_drain; 2.437792609E-05; 4.363362656E-08
15; 6; 0; 0; 0; n_gate; -0.06099999878; 0
15; 6; 1; 2000000000; 0; n_gate; 0.01189744578; 1.262184801E-14
15; 6; 2; 4000000000; 0; n_gate; 0; 2.453269467E-18
15; 6; 3; 6000000000; 0; n_gate; -8.05875087E-19; -1.633870105E-18
15; 6; 4; 8000000000; 0; n_gate; 0; -0
15; 6; 0; 0; 1; n_drain; 0.05592021187; 0
15; 6; 1; 2000000000; 1; n_drain; 0.0392761409; 1.051369475E-05
15; 6; 2; 4000000000; 1; n_drain; 0.006845791373; 3.839838802E-06
15; 6; 3; 6000000000; 1; n_drain; 0.0007120384345; 6.731320152E-07
15; 6; 4; 8000000000; 1; n_drain; 3.801442532E-05; 6.980877016E-08
15; 7; 0; 0; 0; n_gate; -0.06099999878; 0
15; 7; 1; 2000000000; 0; n_gate; 0.01334915373; 1.416314982E-14
15; 7; 2; 4000000000; 0; n_gate; -1.226634733E-18; -1.226634733E-18
15; 7; 3; 6000000000; 0; n_gate; 8.67361738E-19; -8.67361738E-19
15; 7; 4; 8000000000; 0; n_gate; 0; -0
15; 7; 0; 0; 1; n_drain; 0.05771921089; 0
15; 7; 1; 2000000000; 1; n_drain; 0.04468614756; 1.216178168E-05
15; 7; 2; 4000000000; 1; n_drain; 0.008666304838; 4.947445278E-06
15; 7; 3; 6000000000; 1; n_drain; 0.0010032232; 9.679783781E-07
15; 7; 4; 8000000000; 1; n_drain; 5.89940261E-05; 1.119186543E-07
15; 8; 0; 0; 0; n_gate; -0.06099999878; 0
15; 8; 1; 2000000000; 0; n_gate; 0.01497799683; 1.589353649E-14
15; 8; 2; 4000000000; 0; n_gate; -1.226634733E-18; 1.226634733E-18
15; 8; 3; 6000000000; 0; n_gate; -1.96705809E-19; 3.60284871E-18
15; 8; 4; 8000000000; 0; n_gate; 0; -0
15; 8; 0; 0; 1; n_drain; 0.06000377357; 0
15; 8; 1; 2000000000; 1; n_drain; 0.05100719058; 1.417097229E-05
15; 8; 2; 4000000000; 1; n_drain; 0.01098389797; 6.409631381E-06
15; 8; 3; 6000000000; 1; n_drain; 0.001412113185; 1.397727817E-06
15; 8; 4; 8000000000; 1; n_drain; 9.096296391E-05; 1.798638216E-07
15; 9; 0; 0; 0; n_gate; -0.06099999878; 0
15; 9; 1; 2000000000; 0; n_gate; 0.01680558886; 1.783295733E-14
15; 9; 2; 4000000000; 0; n_gate; -1.226634733E-18; -5.080887426E-19
15; 9; 3; 6000000000; 0; n_gate; 1.839199309E-18; -6.784138046E-20
15; 9; 4; 8000000000; 0; n_gate; 0; -0
15; 9; 0; 0; 1; n_drain; 0.06290957989; 0
15; 9; 1; 2000000000; 1; n_drain; 0.05845015434; 1.665828767E-05
15; 9; 2; 4000000000; 1; n_drain; 0.01393989607; 8.359109004E-06
15; 9; 3; 6000000000; 1; n_drain; 0.00198486469; 2.028199476E-06
15; 9; 4; 8000000000; 1; n_drain; 0.0001390301551; 2.898453806E-07
15; 10; 0; 0; 0; n_gate; -0.06099999878; 0
15; 10; 1; 2000000000; 0; n_gate; 0.01885618083; 2.000656585E-14
15; 10; 2; 4000000000; 0; n_gate; 2.961358209E-18; -1.226634733E-18
15; 10; 3; 6000000000; 0; n_gate; 7.34411245E-19; 6.68387264E-19
15; 10; 4; 8000000000; 0; n_gate; 0; -0
15; 10; 0; 0; 1; n_drain; 0.06661161162; 0
15; 10; 1; 2000000000; 1; n_drain; 0.06728891015; 1.97900801E-05
15; 10; 2; 4000000000; 1; n_drain; 0.01771710337; 1.098777146E-05
15; 10; 3; 6000000000; 1; n_drain; 0.002784191293; 2.959975758E-06
15; 10; 4; 8000000000; 1; n_drain; 0.0002099284399; 4.684459898E-07
16; -50; 0; 0; 0; n_gate; -0.06099999878; 0
16; -50; 1; 2000000000; 0; n_gate; 1.885618083E-05; 1.830268792E-17
16; -50; 2; 4000000000; 0; n_gate; 0; -0
16; -50; 3; 6000000000; 0; n_gate; -1.924931006E-18; 6.440571645E-19
16; -50; 4; 8000000000; 0; n_gate; 0; -0
16; -50; 0; 0; 1; n_drain; 0.04911305042; 0
16; -50; 1; 2000000000; 1; n_drain; 5.885100843E-05; -3.388131789E-21
16; -50; 2; 4000000000; 1; n_drain; 1.680107471E-08; -0
16; -50; 3; 6000000000; 1; n_drain; 2.84274338E-12; 7.145458156E-22
16; -50; 4; 8000000000; 1; n_drain; 0; -0
16; -20; 0; 0; 0; n_gate; -0.06099999878; 0
16; -20; 1; 2000000000; 0; n_gate; 0.000596284794; 6.328488081E-16
16; -20; 2; 4000000000; 0; n_gate; 0; -0
16; -20; 3; 6000000000; 0; n_gate; 7.611569041E-19; 2.042333981E-18
16; -20; 4; 8000000000; 0; n_gate; 0; -0
16; -20; 0; 0; 1; n_drain; 0.04912983527; 0
16; -20; 1; 2000000000; 1; n_drain; 0.001861303026; 2.309979465E-14
16; -20; 2; 4000000000; 1; n_drain; 1.68020721E-05; 1.767335346E-14
16; -20; 3; 6000000000; 1; n_drain; 9.03256316E-08; -9.565379824E-15
16; -20; 4; 8000000000; 1; n_drain; 2.584688678E-10; -2.499042639E-14
16; -19; 0; 0; 0; n_gate; -0.06099999878; 0
16; -19; 1; 2000000000; 0; n_gate; 0.0006690425429; 7.087429602E-16
16; -19; 2; 4000000000; 0; n_gate; 0; -0
16; -19; 3; 6000000000; 0; n_gate; 2.782939092E-19; 2.771458602E-19
16; -19; 4; 8000000000; 0; n_gate; 0; -0
16; -19; 0; 0; 1; n_drain; 0.0491341859; 0
16; -19; 1; 2000000000; 1; n_drain; 0.002088495074; -5.854691731E-18
16; -19; 2; 4000000000; 1; n_drain; 2.115289023E-05; -0
16; -19; 3; 6000000000; 1; n_drain; 1.275877691E-07; -2.554525637E-18
16; -19; 4; 8000000000; 1; n_drain; 4.095574227E-10; -0
16; -18; 0; 0; 0; n_gate; -0.06099999878; 0
16; -18; 1; 2000000000; 0; n_gate; 0.0007506780798; 7.962380755E-16
16; -18; 2; 4000000000; 0; n_gate; 0; -0
16; -18; 3; 6000000000; 0; n_gate; 5.9343084E-19; -1.036103934E-18
16; -18; 4; 8000000000; 0; n_gate; 0; -0
16; -18; 0; 0; 1; n_drain; 0.04913966316; 0
16; -18; 1; 2000000000; 1; n_drain; 0.002343441224; 8.67361738E-18
16; -18; 2; 4000000000; 1; n_drain; 2.663044535E-05; 1.734723476E-18
16; -18; 3; 6000000000; 1; n_drain; 1.802215875E-07; 2.099543213E-18
16; -18; 4; 8000000000; 1; n_drain; 6.490701379E-10; -0
16; -17; 0; 0; 0; n_gate; -0.06099999878; 0
16; -17; 1; 2000000000; 0; n_gate; 0.0008422746588; 8.944125822E-16
16; -17; 2; 4000000000; 0; n_gate; 0; -0
16; -17; 3; 6000000000; 0; n_gate; -5.489941186E-19; -1.314670794E-18
16; -17; 4; 8000000000; 0; n_gate; 0; -0
16; -17; 0; 0; 1; n_drain; 0.04914655886; 0
16; -17; 1; 2000000000; 1; n_drain; 0.002629541386; 1.040834086E-17
16; -17; 2; 4000000000; 1; n_drain; 3.352659104E-05; -0
16; -17; 3; 6000000000; 1; n_drain; 2.545681745E-07; -4.360102096E-19
16; -17; 4; 8000000000; 1; n_drain; 1.028637793E-09; -0
16; -16; 0; 0; 0; n_gate; -0.06099999878; 0
16; -16; 1; 2000000000; 0; n_gate; 0.0009450477107; 1.001640177E-15
16; -16; 2; 4000000000; 0; n_gate; 0; -0
16; -16; 3; 6000000000; 0; n_gate; -1.089630686E-18; -4.108361181E-19
16; -16; 4; 8000000000; 0; n_gate; 0; -0
16; -16; 0; 0; 1; n_drain; 0.04915524041; 0
16; -16; 1; 2000000000; 1; n_drain; 0.002950615849; 1.105886216E-17
16; -16; 2; 4000000000; 1; n_drain; 4.220881916E-05; -0
16; -16; 3; 6000000000; 1; n_drain; 3.595842612E-07; -2.107907664E-18
16; -16; 4; 8000000000; 1; n_drain; 1.630126378E-09; 3.469446952E-18
16; -15; 0; 0; 0; n_gate; -0.06099999878; 0
16; -15; 1; 2000000000; 0; n_gate; 0.001060360972; 1.1277871E-15
16; -15; 2; 4000000000; 0; n_gate; 0; -0
16; -15; 3; 6000000000; 0; n_gate; -2.263113581E-18; 4.204432955E-19
16; -15; 4; 8000000000; 0; n_gate; 0; -0
16; -15; 0; 0; 1; n_drain; 0.04916617042; 0
16; -15; 1; 2000000000; 1; n_drain; 0.003310958855; 1.32272665E-17
16; -15; 2; 4000000000; 1; n_drain; 5.313988128E-05; -2.453007415E-18
16; -15; 3; 6000000000; 1; n_drain; 5.079211154E-07; 1.972289748E-18
16; -15; 4; 8000000000; 1; n_drain; 2.583303974E-09; -3.469446952E-18
16; -14; 0; 0; 0; n_gate; -0.06099999878; 0
16; -14; 1; 2000000000; 0; n_gate; 0.001189744578; 1.26244501E-15
16; -14; 2; 4000000000; 0; n_gate; 0; -0
16; -14; 3; 6000000000; 0; n_gate; -4.241465413E-19; -5.16869648E-19
16; -14; 4; 8000000000; 0; n_gate; 0; -0
16; -14; 0; 0; 1; n_drain; 0.04917993141; 0
16; -14; 1; 2000000000; 1; n_drain; 0.003715399658; 1.561251128E-17
16; -14; 2; 4000000000; 1; n_drain; 6.690252405E-05; 3.469446952E-18
16; -14; 3; 6000000000; 1; n_drain; 7.174488066E-07; -5.998052058E-19
16; -14; 4; 8000000000; 1; n_drain; 4.093635913E-09; -0
16; -13; 0; 0; 0; n_gate; -0.06099999878; 0
16; -13; 1; 2000000000; 0; n_gate; 0.001334915373; 1.415751197E-15
16; -13; 2; 4000000000; 0; n_gate; 0; -0
16; -13; 3; 6000000000; 0; n_gate; 1.131710233E-18; -1.705476234E-18
16; -13; 4; 8000000000; 0; n_gate; 0; -0
16; -13; 0; 0; 1; n_drain; 0.04919725696; 0
16; -13; 1; 2000000000; 1; n_drain; 0.00416937232; 1.88651178E-17
16; -13; 2; 4000000000; 1; n_drain; 8.423062655E-05; -0
16; -13; 3; 6000000000; 1; n_drain; 1.013407221E-06; -9.174955006E-19
16; -13; 4; 8000000000; 1; n_drain; 6.486887309E-09; -0
16; -12; 0; 0; 0; n_gate; -0.06099999878; 0
16; -12; 1; 2000000000; 0; n_gate; 0.001497799683; 1.591175108E-15
16; -12; 2; 4000000000; 0; n_gate; 0; -0
16; -12; 3; 6000000000; 0; n_gate; -2.032855001E-18; -1.661680757E-18
16; -12; 4; 8000000000; 0; n_gate; 0; -0
16; -12; 0; 0; 1; n_drain; 0.04921907087; 0
16; -12; 1; 2000000000; 1; n_drain; 0.004678995978; 2.038300084E-17
16; -12; 2; 4000000000; 1; n_drain; 0.0001060485358; 1.734723476E-18
16; -12; 3; 6000000000; 1; n_drain; 1.431446883E-06; -6.938788025E-19
16; -12; 4; 8000000000; 1; n_drain; 1.027864488E-08; -0
16; -11; 0; 0; 0; n_gate; -0.06099999878; 0
16; -11; 1; 2000000000; 0; n_gate; 0.001680558886; 1.783620994E-15
16; -11; 2; 4000000000; 0; n_gate; 1.226634733E-18; -1.226634733E-18
16; -11; 3; 6000000000; 0; n_gate; 3.012883599E-18; -2.783293047E-18
16; -11; 4; 8000000000; 0; n_gate; 0; -0
16; -11; 0; 0; 1; n_drain; 0.04924653666; 0
16; -11; 1; 2000000000; 1; n_drain; 0.005251167482; 1.769417945E-14
16; -11; 2; 4000000000; 1; n_drain; 0.0001335205998; 2.499216112E-14
16; -11; 3; 6000000000; 1; n_drain; 2.021921047E-06; 1.767117849E-14
16; -11; 4; 8000000000; 1; n_drain; 1.628590424E-08; -0
16; -10; 0; 0; 0; n_gate; -0.06099999878; 0
16; -10; 1; 2000000000; 0; n_gate; 0.001885618083; 2.00100353E-15
16; -10; 2; 4000000000; 0; n_gate; 0; -0
16; -10; 3; 6000000000; 0; n_gate; -4.297265555E-21; 2.025895755E-18
16; -10; 4; 8000000000; 0; n_gate; 0; -0
16; -10; 0; 0; 1; n_drain; 0.04928111993; 0
16; -10; 1; 2000000000; 1; n_drain; 0.0058936691; 2.688821388E-17
16; -10; 2; 4000000000; 1; n_drain; 0.00016811371; 3.469446952E-18
16; -10; 3; 6000000000; 1; n_drain; 2.855947824E-06; 7.238955325E-19
16; -10; 4; 8000000000; 1; n_drain; 2.580199587E-08; -0
16; -9; 0; 0; 0; n_gate; -0.06099999878; 0
16; -9; 1; 2000000000; 0; n_gate; 0.002115698287; 2.244298497E-15
16; -9; 2; 4000000000; 0; n_gate; 0; -0
16; -9; 3; 6000000000; 0; n_gate; 2.555672211E-18; -8.567965567E-19
16; -9; 4; 8000000000; 0; n_gate; 0; -0
16; -9; 0; 0; 1; n_drain; 0.04932466698; 0
16; -9; 1; 2000000000; 1; n_drain; 0.006615294659; 2.818925648E-17
16; -9; 2; 4000000000; 1; n_drain; 0.0002116762577; 3.686287386E-18
16; -9; 3; 6000000000; 1; n_drain; 4.033970186E-06; 1.468331614E-18
16; -9; 4; 8000000000; 1; n_drain; 4.087463136E-08; -0
16; -8; 0; 0; 0; n_gate; -0.06099999878; 0
16; -8; 1; 2000000000; 0; n_gate; 0.002373852522; 2.519685849E-15
16; -8; 2; 4000000000; 0; n_gate; 0; -0
16; -8; 3; 6000000000; 0; n_gate; 2.182275298E-18; -4.566151347E-19
16; -8; 4; 8000000000; 0; n_gate; 0; -0
16; -8; 0; 0; 1; n_drain; 0.04937950422; 0
16; -8; 1; 2000000000; 1; n_drain; 0.007425998513; 3.252606517E-17
16; -8; 2; 4000000000; 1; n_drain; 0.000266537895; 2.95445092E-18
16; -8; 3; 6000000000; 1; n_drain; 5.697842757E-06; 7.223073458E-19
16; -8; 4; 8000000000; 1; n_drain; 6.474441952E-08; -0
16; -7; 0; 0; 0; n_gate; -0.06099999878; 0
16; -7; 1; 2000000000; 0; n_gate; 0.002663506337; 2.826081383E-15
16; -7; 2; 4000000000; 0; n_gate; 1.734723476E-18; -0
16; -7; 3; 6000000000; 0; n_gate; -1.043733068E-18; -1.009600186E-19
16; -7; 4; 8000000000; 0; n_gate; 0; -0
16; -7; 0; 0; 1; n_drain; 0.04944856354; 0
16; -7; 1; 2000000000; 1; n_drain; 0.008337073221; 1.770805724E-14
16; -7; 2; 4000000000; 1; n_drain; 0.0003356356958; 2.499634885E-14
16; -7; 3; 6000000000; 1; n_drain; 8.047895737E-06; 1.767159523E-14
16; -7; 4; 8000000000; 1; n_drain; 1.025381698E-07; -3.469446952E-18
16; -6; 0; 0; 0; n_gate; -0.06099999878; 0
16; -6; 1; 2000000000; 0; n_gate; 0.002988503263; 3.172592397E-15
16; -6; 2; 4000000000; 0; n_gate; 1.734723476E-18; -0
16; -6; 3; 6000000000; 0; n_gate; -1.147976163E-18; 2.026322177E-18
16; -6; 4; 8000000000; 0; n_gate; 0; -0
16; -6; 0; 0; 1; n_drain; 0.04953554102; 0
16; -6; 1; 2000000000; 1; n_drain; 0.009361363766; 2.313167019E-14
16; -6; 2; 4000000000; 1; n_drain; 0.0004226738806; -1.766742677E-14
16; -6; 3; 6000000000; 1; n_drain; 1.136702274E-05; -9.562724995E-15
16; -6; 4; 8000000000; 1; n_drain; 1.623627163E-07; 2.499736529E-14
16; -5; 0; 0; 0; n_gate; -0.06099999878; 0
16; -5; 1; 2000000000; 0; n_gate; 0.003353155812; 3.559435732E-15
16; -5; 2; 4000000000; 0; n_gate; 0; -0
16; -5; 3; 6000000000; 0; n_gate; -1.566943593E-18; 2.525723555E-19
16; -5; 4; 8000000000; 0; n_gate; 0; -0
16; -5; 0; 0; 1; n_drain; 0.04964509763; 0
16; -5; 1; 2000000000; 1; n_drain; 0.01051352886; 3.556183126E-17
16; -5; 2; 4000000000; 1; n_drain; 0.0005323263146; 6.423897872E-18
16; -5; 3; 6000000000; 1; n_drain; 1.605467611E-05; -2.293341705E-18
16; -5; 4; 8000000000; 1; n_drain; 2.57029346E-07; -0
16; -4; 0; 0; 0; n_gate; -0.06099999878; 0
16; -4; 1; 2000000000; 0; n_gate; 0.003762302702; 3.994851325E-15
16; -4; 2; 4000000000; 0; n_gate; 0; -0
16; -4; 3; 6000000000; 0; n_gate; -1.536883334E-18; -1.867899602E-18
16; -4; 4; 8000000000; 0; n_gate; 0; -0
16; -4; 0; 0; 1; n_drain; 0.04978311369; 0
16; -4; 1; 2000000000; 1; n_drain; 0.01181036372; 5.377642776E-17
16; -4; 2; 4000000000; 1; n_drain; 0.000670493662; 5.90890184E-18
16; -4; 3; 6000000000; 1; n_drain; 2.267483487E-05; 1.998150723E-18
16; -4; 4; 8000000000; 1; n_drain; 4.067684697E-07; 3.469446952E-18
16; -3; 0; 0; 0; n_gate; -0.06099999878; 0
16; -3; 1; 2000000000; 0; n_gate; 0.004221373062; 4.477971813E-15
16; -3; 2; 4000000000; 0; n_gate; 1.734723476E-18; 1.734723476E-18
16; -3; 3; 6000000000; 0; n_gate; -2.49852425E-19; -2.677183855E-19
16; -3; 4; 8000000000; 0; n_gate; 0; -0
16; -3; 0; 0; 1; n_drain; 0.04995701179; 0
16; -3; 1; 2000000000; 1; n_drain; 0.01327120389; 2.31177924E-14
16; -3; 2; 4000000000; 1; n_drain; 0.000844630617; 1.767981378E-14
16; -3; 3; 6000000000; 1; n_drain; 3.202366165E-05; -9.563079054E-15
16; -3; 4; 8000000000; 1; n_drain; 6.434946018E-07; -2.499042639E-14
16; -2; 0; 0; 0; n_gate; -0.06099999878; 0
16; -2; 1; 2000000000; 0; n_gate; 0.004736458478; 5.025927591E-15
16; -2; 2; 4000000000; 0; n_gate; 1.226634733E-18; 1.226634733E-18
16; -2; 3; 6000000000; 0; n_gate; 1.188947156E-18; -4.152042236E-19
16; -2; 4; 8000000000; 0; n_gate; 0; -0
16; -2; 0; 0; 1; n_drain; 0.05017616747; 0
16; -2; 1; 2000000000; 1; n_drain; 0.01491843714; 4.33680869E-17
16; -2; 2; 4000000000; 1; n_drain; 0.001064163331; 7.155734338E-18
16; -2; 3; 6000000000; 1; n_drain; 4.522489249E-05; -1.814344573E-18
16; -2; 4; 8000000000; 1; n_drain; 1.017491691E-06; -0
16; -1; 0; 0; 0; n_gate; -0.06099999878; 0
16; -1; 1; 2000000000; 0; n_gate; 0.00531439382; 5.638718659E-15
16; -1; 2; 4000000000; 0; n_gate; 4.187992943E-18; -0
16; -1; 3; 6000000000; 0; n_gate; -3.791307691E-19; 7.045042372E-19
16; -1; 4; 8000000000; 0; n_gate; 0; -0
16; -1; 0; 0; 1; n_drain; 0.05045243268; 0
16; -1; 1; 2000000000; 1; n_drain; 0.01677816052; 2.73071496E-14
16; -1; 2; 4000000000; 1; n_drain; 0.001341023448; 4.266899334E-14
16; -1; 3; 6000000000; 1; n_drain; 6.386423924E-05; 4.075571532E-14
16; -1; 4; 8000000000; 1; n_drain; 1.607859752E-06; 2.498695695E-14
16; 0; 0; 0; 0; n_gate; -0.06099999878; 0
16; 0; 1; 2000000000; 0; n_gate; 0.00596284794; 6.325669155E-15
16; 0; 2; 4000000000; 0; n_gate; 0; 7.185459907E-19
16; 0; 3; 6000000000; 0; n_gate; 2.324522064E-18; -5.798729552E-19
16; 0; 4; 8000000000; 0; n_gate; 0; -0
16; 0; 0; 0; 1; n_drain; 0.05080080482; 0
16; 0; 1; 2000000000; 1; n_drain; 0.01888103401; 6.591949209E-17
16; 0; 2; 4000000000; 1; n_drain; 0.001690333654; 1.474514955E-17
16; 0; 3; 6000000000; 1; n_drain; 9.017860264E-05; 3.093364323E-18
16; 0; 4; 8000000000; 1; n_drain; 2.538771472E-06; -0
16; 1; 0; 0; 0; n_gate; -0.06099999878; 0
16; 1; 1; 2000000000; 0; n_gate; 0.006690425429; 7.098922145E-15
16; 1; 2; 4000000000; 0; n_gate; 1.226634733E-18; 1.226634733E-18
16; 1; 3; 6000000000; 0; n_gate; 4.051901242E-18; -1.033415E-19
16; 1; 4; 8000000000; 0; n_gate; 0; -0
16; 1; 0; 0; 1; n_drain; 0.05124028458; 0
16; 1; 1; 2000000000; 1; n_drain; 0.02126340176; 5.377642776E-17
16; 1; 2; 4000000000; 1; n_drain; 0.002131291153; 1.181780368E-17
16; 1; 3; 6000000000; 1; n_drain; 0.0001273221309; 2.503829392E-18
16; 1; 4; 8000000000; 1; n_drain; 4.004634482E-06; -0
16; 2; 0; 0; 0; n_gate; -0.06099999878; 0
16; 2; 1; 2000000000; 0; n_gate; 0.007506780798; 7.96498284E-15
16; 2; 2; 4000000000; 0; n_gate; 1.734723476E-18; -1.734723476E-18
16; 2; 3; 6000000000; 0; n_gate; -3.035373439E-19; 1.543770198E-18
16; 2; 4; 8000000000; 0; n_gate; 0; -0
16; 2; 0; 0; 1; n_drain; 0.05179497974; 0
16; 2; 1; 2000000000; 1; n_drain; 0.02396877935; 2.509104036E-14
16; 2; 2; 4000000000; 1; n_drain; 0.002688311137; 2.612927236E-17
16; 2; 3; 6000000000; 1; n_drain; 0.0001797397018; -2.498994528E-14
16; 2; 4; 8000000000; 1; n_drain; 6.308757091E-06; -3.469446952E-18
16; 3; 0; 0; 0; n_gate; -0.06099999878; 0
16; 3; 1; 2000000000; 0; n_gate; 0.008422746588; 8.937729029E-15
16; 3; 2; 4000000000; 0; n_gate; 0; 1.734723476E-18
16; 3; 3; 6000000000; 0; n_gate; 3.556882228E-19; 2.801053519E-18
16; 3; 4; 8000000000; 0; n_gate; 0; -0
16; 3; 0; 0; 1; n_drain; 0.05249553115; 0
16; 3; 1; 2000000000; 1; n_drain; 0.02704984243; 1.249000903E-16
16; 3; 2; 4000000000; 1; n_drain; 0.003392513575; 4.228388473E-17
16; 3; 3; 6000000000; 1; n_drain; 0.0002536899258; 6.613633252E-18
16; 3; 4; 8000000000; 1; n_drain; 9.922176934E-06; -3.469446952E-18
16; 4; 0; 0; 0; n_gate; -0.06099999878; 0
16; 4; 1; 2000000000; 0; n_gate; 0.009450477107; 1.003017114E-14
16; 4; 2; 4000000000; 0; n_gate; -1.226634733E-18; -1.226634733E-18
16; 4; 3; 6000000000; 0; n_gate; -4.179093035E-18; -1.364405279E-19
16; 4; 4; 8000000000; 0; n_gate; 0; -0
16; 4; 0; 0; 1; n_drain; 0.05338096247; 0
16; 4; 1; 2000000000; 1; n_drain; 0.03057110329; 7.12780529E-14
16; 4; 2; 4000000000; 1; n_drain; 0.004283665245; 3.556183126E-17
16; 4; 3; 6000000000; 1; n_drain; 0.0003579749164; -4.411113131E-14
16; 4; 4; 8000000000; 1; n_drain; 1.557193766E-05; 6.938893904E-18
16; 5; 0; 0; 0; n_gate; -0.06099999878; 0
16; 5; 1; 2000000000; 0; n_gate; 0.01060360972; 1.124968174E-14
16; 5; 2; 4000000000; 0; n_gate; 0; -0
16; 5; 3; 6000000000; 0; n_gate; -2.33990276E-20; -5.269581406E-19
16; 5; 4; 8000000000; 0; n_gate; 0; -0
16; 5; 0; 0; 1; n_drain; 0.05450108919; 0
16; 5; 1; 2000000000; 1; n_drain; 0.03461252849; 8.082770564E-14
16; 5; 2; 4000000000; 1; n_drain; 0.005412726627; 1.770328675E-14
16; 5; 3; 6000000000; 1; n_drain; 0.0005049531478; -2.103078454E-14
16; 5; 4; 8000000000; 1; n_drain; 2.437093305E-05; 2.499042639E-14
16; 6; 0; 0; 0; n_gate; -0.06099999878; 0
16; 6; 1; 2000000000; 0; n_gate; 0.01189744578; 1.262184801E-14
16; 6; 2; 4000000000; 0; n_gate; 0; 2.453269467E-18
16; 6; 3; 6000000000; 0; n_gate; -8.05875087E-19; -1.633870105E-18
16; 6; 4; 8000000000; 0; n_gate; 0; -0
16; 6; 0; 0; 1; n_drain; 0.05591966596; 0
16; 6; 1; 2000000000; 1; n_drain; 0.03927443716; 4.093253514E-14
16; 6; 2; 4000000000; 1; n_drain; 0.006845200946; 4.273491283E-14
16; 6; 3; 6000000000; 1; n_drain; 0.0007119338279; 8.122707151E-15
16; 6; 4; 8000000000; 1; n_drain; 3.800322937E-05; -2.498695695E-14
16; 7; 0; 0; 0; n_gate; -0.06099999878; 0
16; 7; 1; 2000000000; 0; n_gate; 0.01334915373; 1.416314982E-14
16; 7; 2; 4000000000; 0; n_gate; -1.226634733E-18; -1.226634733E-18
16; 7; 3; 6000000000; 0; n_gate; 8.67361738E-19; -8.67361738E-19
16; 7; 4; 8000000000; 0; n_gate; 0; -0
16; 7; 0; 0; 1; n_drain; 0.05771850485; 0
16; 7; 1; 2000000000; 1; n_drain; 0.04468412351; 1.783295733E-14
16; 7; 2; 4000000000; 1; n_drain; 0.008665537695; 2.507109104E-14
16; 7; 3; 6000000000; 1; n_drain; 0.001003072293; 1.769206526E-14
16; 7; 4; 8000000000; 1; n_drain; 5.897606225E-05; 6.938893904E-18
16; 8; 0; 0; 0; n_gate; -0.06099999878; 0
16; 8; 1; 2000000000; 0; n_gate; 0.01497799683; 1.589006704E-14
16; 8; 2; 4000000000; 0; n_gate; 0; -0
16; 8; 3; 6000000000; 0; n_gate; 5.501253668E-19; 1.582998323E-18
16; 8; 4; 8000000000; 0; n_gate; 0; -0
16; 8; 0; 0; 1; n_drain; 0.0600028547; 0
16; 8; 1; 2000000000; 1; n_drain; 0.0510047562; 7.78023479E-14
16; 8; 2; 4000000000; 1; n_drain; 0.01098289396; -1.75979023E-14
16; 8; 3; 6000000000; 1; n_drain; 0.001411894447; 7.199546948E-14
16; 8; 4; 8000000000; 1; n_drain; 9.093407002E-05; 2.496960971E-14
16; 9; 0; 0; 0; n_gate; -0.06099999878; 0
16; 9; 1; 2000000000; 0; n_gate; 0.01680558886; 1.783295733E-14
16; 9; 2; 4000000000; 0; n_gate; -1.226634733E-18; -5.080887426E-19
16; 9; 3; 6000000000; 0; n_gate; 1.839199309E-18; -6.784138046E-20
16; 9; 4; 8000000000; 0; n_gate; 0; -0
16; 9; 0; 0; 1; n_drain; 0.06290837501; 0
16; 9; 1; 2000000000; 1; n_drain; 0.05844718423; 5.601422104E-14
16; 9; 2; 4000000000; 1; n_drain; 0.01393857067; 1.78156101E-14
16; 9; 3; 6000000000; 1; n_drain; 0.001984545858; 3.997128149E-15
16; 9; 4; 8000000000; 1; n_drain; 0.0001389835556; 2.500083474E-14
16; 10; 0; 0; 0; n_gate; -0.06099999878; 0
16; 10; 1; 2000000000; 0; n_gate; 0.01885618083; 2.000656585E-14
16; 10; 2; 4000000000; 0; n_gate; 2.961358209E-18; -1.226634733E-18
16; 10; 3; 6000000000; 0; n_gate; 7.34411245E-19; 6.68387264E-19
16; 10; 4; 8000000000; 0; n_gate; 0; -0
16; 10; 0; 0; 1; n_drain; 0.06661001768; 0
16; 10; 1; 2000000000; 1; n_drain; 0.06728522665; 7.560271853E-14
16; 10; 2; 4000000000; 1; n_drain; 0.01771533594; 6.050542012E-14
16; 10; 3; 6000000000; 1; n_drain; 0.002783723573; 6.246197136E-15
16; 10; 4; 8000000000; 1; n_drain; 0.000209853078; -0
17; -50; 0; 0; 0; n_gate; -0.06099999878; 0
17; -50; 1; 2000000000; 0; n_gate; 1.885618083E-05; 2.254632299E-17
17; -50; 2; 4000000000; 0; n_gate; 0; -0
17; -50; 3; 6000000000; 0; n_gate; 5.8385756E-19; 1.488144191E-18
17; -50; 4; 8000000000; 0; n_gate; 0; -0
17; -50; 0; 0; 1; n_drain; 0.04911305042; 0
17; -50; 1; 2000000000; 1; n_drain; 5.885313405E-05; -1.475039932E-08
17; -50; 2; 4000000000; 1; n_drain; 1.680233867E-08; -8.830748588E-12
17; -50; 3; 6000000000; 1; n_drain; 2.830010229E-12; -8.090586794E-15
17; -50; 4; 8000000000; 1; n_drain; 2.498695695E-14; 2.499389584E-14
17; -20; 0; 0; 0; n_gate; -0.06099999878; 0
17; -20; 1; 2000000000; 0; n_gate; 0.000596284794; 6.328488081E-16
17; -20; 2; 4000000000; 0; n_gate; 0; -0
17; -20; 3; 6000000000; 0; n_gate; 7.611569041E-19; 2.042333981E-18
17; -20; 4; 8000000000; 0; n_gate; 0; -0
17; -20; 0; 0; 1; n_drain; 0.0491298365; 0
17; -20; 1; 2000000000; 1; n_drain; 0.001861370285; -4.66593981E-07
17; -20; 2; 4000000000; 1; n_drain; 1.680337716E-05; -8.790953125E-09
17; -20; 3; 6000000000; 1; n_drain; 9.03377114E-08; -7.884842404E-11
17; -20; 4; 8000000000; 1; n_drain; 2.584921409E-10; -4.495813444E-13
17; -19; 0; 0; 0; n_gate; -0.06099999878; 0
17; -19; 1; 2000000000; 0; n_gate; 0.0006690425429; 7.087429602E-16
17; -19; 2; 4000000000; 0; n_gate; 0; -0
17; -19; 3; 6000000000; 0; n_gate; 2.782939092E-19; 2.771458602E-19
17; -19; 4; 8000000000; 0; n_gate; 0; -0
17; -19; 0; 0; 1; n_drain; 0.04913418745; 0
17; -19; 1; 2000000000; 1; n_drain; 0.002088570551; -5.235665198E-07
17; -19; 2; 4000000000; 1; n_drain; 2.11545334E-05; -1.106781175E-08
17; -19; 3; 6000000000; 1; n_drain; 1.276048427E-07; -1.11364802E-10
17; -19; 4; 8000000000; 1; n_drain; 4.097249311E-10; -6.827802213E-13
17; -18; 0; 0; 0; n_gate; -0.06099999878; 0
17; -18; 1; 2000000000; 0; n_gate; 0.0007506780798; 7.968885968E-16
17; -18; 2; 4000000000; 0; n_gate; 0; -0
17; -18; 3; 6000000000; 0; n_gate; -7.041909398E-20; 5.665715797E-19
17; -18; 4; 8000000000; 0; n_gate; 0; -0
17; -18; 0; 0; 1; n_drain; 0.04913966511; 0
17; -18; 1; 2000000000; 1; n_drain; 0.002343525928; -5.875106615E-07
17; -18; 2; 4000000000; 1; n_drain; 2.663251412E-05; -1.393458679E-08
17; -18; 3; 6000000000; 1; n_drain; 1.80245741E-07; -1.573361844E-10
17; -18; 4; 8000000000; 1; n_drain; 6.492365673E-10; -1.068239247E-12
17; -17; 0; 0; 0; n_gate; -0.06099999878; 0
17; -17; 1; 2000000000; 0; n_gate; 0.0008422746588; 8.944125822E-16
17; -17; 2; 4000000000; 0; n_gate; 0; -0
17; -17; 3; 6000000000; 0; n_gate; -5.489941186E-19; -1.314670794E-18
17; -17; 4; 8000000000; 0; n_gate; 0; -0
17; -17; 0; 0; 1; n_drain; 0.04914656132; 0
17; -17; 1; 2000000000; 1; n_drain; 0.002629636451; -6.592816356E-07
17; -17; 2; 4000000000; 1; n_drain; 3.352919589E-05; -1.754432534E-08
17; -17; 3; 6000000000; 1; n_drain; 2.546022155E-07; -2.222011459E-10
17; -17; 4; 8000000000; 1; n_drain; 1.028912365E-09; -1.69542505E-12
17; -16; 0; 0; 0; n_gate; -0.06099999878; 0
17; -16; 1; 2000000000; 0; n_gate; 0.0009450477107; 1.001640177E-15
17; -16; 2; 4000000000; 0; n_gate; 0; -0
17; -16; 3; 6000000000; 0; n_gate; -1.089630686E-18; -4.108361181E-19
17; -16; 4; 8000000000; 0; n_gate; 0; -0
17; -16; 0; 0; 1; n_drain; 0.0491552435; 0
17; -16; 1; 2000000000; 1; n_drain; 0.002950722549; -7.398446604E-07
17; -16; 2; 4000000000; 1; n_drain; 4.221209898E-05; -2.208970308E-08
17; -16; 3; 6000000000; 1; n_drain; 3.596323508E-07; -3.139509106E-10
17; -16; 4; 8000000000; 1; n_drain; 1.630606709E-09; -2.679998584E-12
17; -15; 0; 0; 0; n_gate; -0.06099999878; 0
17; -15; 1; 2000000000; 0; n_gate; 0.001060360972; 1.1277871E-15
17; -15; 2; 4000000000; 0; n_gate; 0; -0
17; -15; 3; 6000000000; 0; n_gate; -2.263113581E-18; 4.204432955E-19
17; -15; 4; 8000000000; 0; n_gate; 0; -0
17; -15; 0; 0; 1; n_drain; 0.04916617431; 0
17; -15; 1; 2000000000; 1; n_drain; 0.003311078624; -8.302866592E-07
17; -15; 2; 4000000000; 1; n_drain; 5.314401123E-05; -2.781354733E-08
17; -15; 3; 6000000000; 1; n_drain; 5.079890903E-07; -4.435221694E-10
17; -15; 4; 8000000000; 1; n_drain; 2.58401078E-09; -4.213997207E-12
17; -14; 0; 0; 0; n_gate; -0.06099999878; 0
17; -14; 1; 2000000000; 0; n_gate; 0.001189744578; 1.26244501E-15
17; -14; 2; 4000000000; 0; n_gate; 0; -0
17; -14; 3; 6000000000; 0; n_gate; -4.241465413E-19; -5.16869648E-19
17; -14; 4; 8000000000; 0; n_gate; 0; -0
17; -14; 0; 0; 1; n_drain; 0.04917993631; 0
17; -14; 1; 2000000000; 1; n_drain; 0.003715534113; -9.318510517E-07
17; -14; 2; 4000000000; 1; n_drain; 6.690772481E-05; -3.502262115E-08
17; -14; 3; 6000000000; 1; n_drain; 7.175448627E-07; -6.26580299E-10
17; -14; 4; 8000000000; 1; n_drain; 4.094734298E-09; -6.662465718E-12
17; -13; 0; 0; 0; n_gate; -0.06099999878; 0
17; -13; 1; 2000000000; 0; n_gate; 0.001334915373; 1.415751197E-15
17; -13; 2; 4000000000; 0; n_gate; 0; -0
17; -13; 3; 6000000000; 0; n_gate; 1.131710233E-18; -1.705476234E-18
17; -13; 4; 8000000000; 0; n_gate; 0; -0
17; -13; 0; 0; 1; n_drain; 0.04919726313; 0
17; -13; 1; 2000000000; 1; n_drain; 0.004169523281; -1.045893103E-06
17; -13; 2; 4000000000; 1; n_drain; 8.423717627E-05; -4.410177094E-08
17; -13; 3; 6000000000; 1; n_drain; 1.013542961E-06; -8.852103813E-10
17; -13; 4; 8000000000; 1; n_drain; 6.488597888E-09; -1.055191698E-11
17; -12; 0; 0; 0; n_gate; -0.06099999878; 0
17; -12; 1; 2000000000; 0; n_gate; 0.001497799683; 1.591175108E-15
17; -12; 2; 4000000000; 0; n_gate; 0; -0
17; -12; 3; 6000000000; 0; n_gate; -2.032855001E-18; -1.661680757E-18
17; -12; 4; 8000000000; 0; n_gate; 0; -0
17; -12; 0; 0; 1; n_drain; 0.04921907864; 0
17; -12; 1; 2000000000; 1; n_drain; 0.0046791655; -1.173990467E-06
17; -12; 2; 4000000000; 1; n_drain; 0.000106056785; -5.553812725E-08
17; -12; 3; 6000000000; 1; n_drain; 1.431638625E-06; -1.250675267E-09
17; -12; 4; 8000000000; 1; n_drain; 1.028133317E-08; -1.671859873E-11
17; -11; 0; 0; 0; n_gate; -0.06099999878; 0
17; -11; 1; 2000000000; 0; n_gate; 0.001680558886; 1.783620994E-15
17; -11; 2; 4000000000; 0; n_gate; 1.226634733E-18; -1.226634733E-18
17; -11; 3; 6000000000; 0; n_gate; 3.012883599E-18; -2.783293047E-18
17; -11; 4; 8000000000; 0; n_gate; 0; -0
17; -11; 0; 0; 1; n_drain; 0.04924654645; 0
17; -11; 1; 2000000000; 1; n_drain; 0.005251357887; -1.317915781E-06
17; -11; 2; 4000000000; 1; n_drain; 0.0001335309905; -6.994579398E-08
17; -11; 3; 6000000000; 1; n_drain; 2.022192056E-06; -1.767255465E-09
17; -11; 4; 8000000000; 1; n_drain; 1.629011786E-08; -2.650423631E-11
17; -10; 0; 0; 0; n_gate; -0.06099999878; 0
17; -10; 1; 2000000000; 0; n_gate; 0.001885618083; 2.00100353E-15
17; -10; 2; 4000000000; 0; n_gate; 0; -0
17; -10; 3; 6000000000; 0; n_gate; -4.297265555E-21; 2.025895755E-18
17; -10; 4; 8000000000; 0; n_gate; 0; -0
17; -10; 0; 0; 1; n_drain; 0.04928113226; 0
17; -10; 1; 2000000000; 1; n_drain; 0.005893883021; -1.479682184E-06
17; -10; 2; 4000000000; 1; n_drain; 0.0001681268001; -8.810008788E-08
17; -10; 3; 6000000000; 1; n_drain; 2.856330829E-06; -2.497177804E-09
17; -10; 4; 8000000000; 1; n_drain; 2.580870949E-08; -4.199929293E-11
17; -9; 0; 0; 0; n_gate; -0.06099999878; 0
17; -9; 1; 2000000000; 0; n_gate; 0.002115698287; 2.244298497E-15
17; -9; 2; 4000000000; 0; n_gate; 0; -0
17; -9; 3; 6000000000; 0; n_gate; 2.555672211E-18; -8.567965567E-19
17; -9; 4; 8000000000; 0; n_gate; 0; -0
17; -9; 0; 0; 1; n_drain; 0.04932468252; 0
17; -9; 1; 2000000000; 1; n_drain; 0.00661553508; -1.661582212E-06
17; -9; 2; 4000000000; 1; n_drain; 0.0002116927514; -1.109803397E-07
17; -9; 3; 6000000000; 1; n_drain; 4.03451144E-06; -3.529112035E-09
17; -9; 4; 8000000000; 1; n_drain; 4.088518283E-08; -6.660524909E-11
17; -8; 0; 0; 0; n_gate; -0.06099999878; 0
17; -8; 1; 2000000000; 0; n_gate; 0.002373852522; 2.519685849E-15
17; -8; 2; 4000000000; 0; n_gate; 0; -0
17; -8; 3; 6000000000; 0; n_gate; 2.182275298E-18; -4.566151347E-19
17; -8; 4; 8000000000; 0; n_gate; 0; -0
17; -8; 0; 0; 1; n_drain; 0.0493795238; 0
17; -8; 1; 2000000000; 1; n_drain; 0.007426268832; -1.86623594E-06
17; -8; 2; 4000000000; 1; n_drain; 0.0002665586821; -1.398253862E-07
17; -8; 3; 6000000000; 1; n_drain; 5.698607836E-06; -4.988096127E-09
17; -8; 4; 8000000000; 1; n_drain; 6.476128568E-08; -1.056577915E-10
17; -7; 0; 0; 0; n_gate; -0.06099999878; 0
17; -7; 1; 2000000000; 0; n_gate; 0.002663506337; 2.826081383E-15
17; -7; 2; 4000000000; 0; n_gate; 1.734723476E-18; -0
17; -7; 3; 6000000000; 0; n_gate; -1.043733068E-18; -1.009600186E-19
17; -7; 4; 8000000000; 0; n_gate; 0; -0
17; -7; 0; 0; 1; n_drain; 0.04944858822; 0
17; -7; 1; 2000000000; 1; n_drain; 0.00833737732; -2.096650834E-06
17; -7; 2; 4000000000; 1; n_drain; 0.0003356619009; -1.762030745E-07
17; -7; 3; 6000000000; 1; n_drain; 8.048977485E-06; -7.051351166E-09
17; -7; 4; 8000000000; 1; n_drain; 1.02564949E-07; -1.675184401E-10
17; -6; 0; 0; 0; n_gate; -0.06099999878; 0
17; -6; 1; 2000000000; 0; n_gate; 0.002988503263; 3.172592397E-15
17; -6; 2; 4000000000; 0; n_gate; 1.734723476E-18; -0
17; -6; 3; 6000000000; 0; n_gate; -1.147976163E-18; 2.026322177E-18
17; -6; 4; 8000000000; 0; n_gate; 0; -0
17; -6; 0; 0; 1; n_drain; 0.04953557213; 0
17; -6; 1; 2000000000; 1; n_drain; 0.009361706097; -2.356297474E-06
17; -6; 2; 4000000000; 1; n_drain; 0.0004227069278; -2.221014537E-07
17; -6; 3; 6000000000; 1; n_drain; 1.136855245E-05; -9.969952913E-09
17; -6; 4; 8000000000; 1; n_drain; 1.624051714E-07; -2.65692926E-10
17; -5; 0; 0; 0; n_gate; -0.06099999878; 0
17; -5; 1; 2000000000; 0; n_gate; 0.003353155812; 3.559435732E-15
17; -5; 2; 4000000000; 0; n_gate; 0; -0
17; -5; 3; 6000000000; 0; n_gate; -1.566943593E-18; 2.525723555E-19
17; -5; 4; 8000000000; 0; n_gate; 0; -0
17; -5; 0; 0; 1; n_drain; 0.04964513687; 0
17; -5; 1; 2000000000; 1; n_drain; 0.01051391456; -2.6492058E-06
17; -5; 2; 4000000000; 1; n_drain; 0.0005323680087; -2.800450432E-07
17; -5; 3; 6000000000; 1; n_drain; 1.605684015E-05; -1.410015632E-08
17; -5; 4; 8000000000; 1; n_drain; 2.570966989E-07; -4.214662612E-10
17; -4; 0; 0; 0; n_gate; -0.06099999878; 0
17; -4; 1; 2000000000; 0; n_gate; 0.003762302702; 3.994851325E-15
17; -4; 2; 4000000000; 0; n_gate; 0; -0
17; -4; 3; 6000000000; 0; n_gate; -1.536883334E-18; -1.867899602E-18
17; -4; 4; 8000000000; 0; n_gate; 0; -0
17; -4; 0; 0; 1; n_drain; 0.0497831632; 0
17; -4; 1; 2000000000; 1; n_drain; 0.01181079873; -2.980090537E-06
17; -4; 2; 4000000000; 1; n_drain; 0.0006705462949; -3.5324721E-07
17; -4; 3; 6000000000; 1; n_drain; 2.267789716E-05; -1.99476437E-08
17; -4; 4; 8000000000; 1; n_drain; 4.068753498E-07; -6.686962858E-10
17; -3; 0; 0; 0; n_gate; -0.06099999878; 0
17; -3; 1; 2000000000; 0; n_gate; 0.004221373062; 4.477971813E-15
17; -3; 2; 4000000000; 0; n_gate; 1.734723476E-18; 1.734723476E-18
17; -3; 3; 6000000000; 0; n_gate; -2.49852425E-19; -2.677183855E-19
17; -3; 4; 8000000000; 0; n_gate; 0; -0
17; -3; 0; 0; 1; n_drain; 0.04995707431; 0
17; -3; 1; 2000000000; 1; n_drain; 0.01327169518; -3.354515585E-06
17; -3; 2; 4000000000; 1; n_drain; 0.0008446971051; -4.458084951E-07
17; -3; 3; 6000000000; 1; n_drain; 3.202799732E-05; -2.823116973E-08
17; -3; 4; 8000000000; 1; n_drain; 6.436641613E-07; -1.061140689E-09
17; -2; 0; 0; 0; n_gate; -0.06099999878; 0
17; -2; 1; 2000000000; 0; n_gate; 0.004736458478; 5.025927591E-15
17; -2; 2; 4000000000; 0; n_gate; 1.226634733E-18; 1.226634733E-18
17; -2; 3; 6000000000; 0; n_gate; 1.188947156E-18; -4.152042236E-19
17; -2; 4; 8000000000; 0; n_gate; 0; -0
17; -2; 0; 0; 1; n_drain; 0.05017624646; 0
17; -2; 1; 2000000000; 1; n_drain; 0.01491899289; -3.779113549E-06
17; -2; 2; 4000000000; 1; n_drain; 0.001064247395; -5.629795985E-07
17; -2; 3; 6000000000; 1; n_drain; 4.523103452E-05; -3.99744238E-08
17; -2; 4; 8000000000; 1; n_drain; 1.017760942E-06; -1.684549632E-09
17; -1; 0; 0; 0; n_gate; -0.06099999878; 0
17; -1; 1; 2000000000; 0; n_gate; 0.00531439382; 5.638718659E-15
17; -1; 2; 4000000000; 0; n_gate; 4.187992943E-18; -0
17; -1; 3; 6000000000; 0; n_gate; -3.791307691E-19; 7.045042372E-19
17; -1; 4; 8000000000; 0; n_gate; 0; -0
17; -1; 0; 0; 1; n_drain; 0.05045253257; 0
17; -1; 1; 2000000000; 1; n_drain; 0.0167787905; -4.261881201E-06
17; -1; 2; 4000000000; 1; n_drain; 0.001341129851; -7.115105696E-07
17; -1; 3; 6000000000; 1; n_drain; 6.387294663E-05; -5.663754233E-08
17; -1; 4; 8000000000; 1; n_drain; 1.60828748E-06; -2.675352492E-09
17; 0; 0; 0; 0; n_gate; -0.06099999878; 0
17; 0; 1; 2000000000; 0; n_gate; 0.00596284794; 6.327403879E-15
17; 0; 2; 4000000000; 0; n_gate; 1.226634733E-18; -5.080887426E-19
17; 0; 3; 6000000000; 0; n_gate; -7.94912069E-20; -1.575647856E-18
17; 0; 4; 8000000000; 0; n_gate; 0; -0
17; 0; 0; 0; 1; n_drain; 0.05080093131; 0
17; 0; 1; 2000000000; 1; n_drain; 0.01888174997; -4.812583455E-06
17; 0; 2; 4000000000; 1; n_drain; 0.001690468517; -9.001223624E-07
17; 0; 3; 6000000000; 1; n_drain; 9.019095832E-05; -8.030884366E-08
17; 0; 4; 8000000000; 1; n_drain; 2.539451278E-06; -4.251042605E-09
17; 1; 0; 0; 0; n_gate; -0.06099999878; 0
17; 1; 1; 2000000000; 0; n_gate; 0.006690425429; 7.098922145E-15
17; 1; 2; 4000000000; 0; n_gate; 1.226634733E-18; 1.226634733E-18
17; 1; 3; 6000000000; 0; n_gate; 4.051901242E-18; -1.033415E-19
17; 1; 4; 8000000000; 0; n_gate; 0; -0
17; 1; 0; 0; 1; n_drain; 0.05124044497; 0
17; 1; 1; 2000000000; 1; n_drain; 0.02126421804; -5.443309982E-06
17; 1; 2; 4000000000; 1; n_drain; 0.002131462381; -1.140148747E-06
17; 1; 3; 6000000000; 1; n_drain; 0.0001273396836; -1.139836468E-07
17; 1; 4; 8000000000; 1; n_drain; 4.005715649E-06; -6.759140109E-09
17; 2; 0; 0; 0; n_gate; -0.06099999878; 0
17; 2; 1; 2000000000; 0; n_gate; 0.007506780798; 7.96498284E-15
17; 2; 2; 4000000000; 0; n_gate; 1.734723476E-18; -1.734723476E-18
17; 2; 3; 6000000000; 0; n_gate; -3.035373439E-19; 1.543770198E-18
17; 2; 4; 8000000000; 0; n_gate; 0; -0
17; 2; 0; 0; 1; n_drain; 0.05179518348; 0
17; 2; 1; 2000000000; 1; n_drain; 0.02396971367; -6.169252053E-06
17; 2; 2; 4000000000; 1; n_drain; 0.002688529; -1.446424291E-06
17; 2; 3; 6000000000; 1; n_drain; 0.0001797646733; -1.619742661E-07
17; 2; 4; 8000000000; 1; n_drain; 6.310478163E-06; -1.075561139E-08
17; 3; 0; 0; 0; n_gate; -0.06099999878; 0
17; 3; 1; 2000000000; 0; n_gate; 0.008422746588; 8.937729029E-15
17; 3; 2; 4000000000; 0; n_gate; 0; 1.734723476E-18
17; 3; 3; 6000000000; 0; n_gate; 3.556882228E-19; 2.801053519E-18
17; 3; 4; 8000000000; 0; n_gate; 0; -0
17; 3; 0; 0; 1; n_drain; 0.05249579054; 0
17; 3; 1; 2000000000; 1; n_drain; 0.02705091708; -7.009797603E-06
17; 3; 2; 4000000000; 1; n_drain; 0.003392791511; -1.838528104E-06
17; 3; 3; 6000000000; 1; n_drain; 0.000253725515; -2.305159752E-07
17; 3; 4; 8000000000; 1; n_drain; 9.924919503E-06; -1.713185582E-08
17; 4; 0; 0; 0; n_gate; -0.06099999878; 0
17; 4; 1; 2000000000; 0; n_gate; 0.009450477107; 1.003017114E-14
17; 4; 2; 4000000000; 0; n_gate; -1.226634733E-18; -1.226634733E-18
17; 4; 3; 6000000000; 0; n_gate; -4.179093035E-18; -1.364405279E-19
17; 4; 4; 8000000000; 0; n_gate; 0; -0
17; 4; 0; 0; 1; n_drain; 0.05338129364; 0
17; 4; 1; 2000000000; 1; n_drain; 0.03057234673; -7.990088538E-06
17; 4; 2; 4000000000; 1; n_drain; 0.004284020983; -2.342553628E-06
17; 4; 3; 6000000000; 1; n_drain; 0.0003580257489; -3.286724672E-07
17; 4; 4; 8000000000; 1; n_drain; 1.557631363E-05; -2.732090903E-08
17; 5; 0; 0; 0; n_gate; -0.06099999878; 0
17; 5; 1; 2000000000; 0; n_gate; 0.01060360972; 1.124968174E-14
17; 5; 2; 4000000000; 0; n_gate; 0; -0
17; 5; 3; 6000000000; 0; n_gate; -2.33990276E-20; -5.269581406E-19
17; 5; 4; 8000000000; 0; n_gate; 0; -0
17; 5; 0; 0; 1; n_drain; 0.05450151349; 0
17; 5; 1; 2000000000; 1; n_drain; 0.03461397766; -9.143260637E-06
17; 5; 2; 4000000000; 1; n_drain; 0.005413183791; -2.993663991E-06
17; 5; 3; 6000000000; 1; n_drain; 0.0005050259486; -4.697006898E-07
17; 5; 4; 8000000000; 1; n_drain; 2.437792607E-05; -4.363357655E-08
17; 6; 0; 0; 0; n_gate; -0.06099999878; 0
17; 6; 1; 2000000000; 0; n_gate; 0.01189744578; 1.262184801E-14
17; 6; 2; 4000000000; 0; n_gate; 0; 2.453269467E-18
17; 6; 3; 6000000000; 0; n_gate; -8.05875087E-19; -1.633870105E-18
17; 6; 4; 8000000000; 0; n_gate; 0; -0
17; 6; 0; 0; 1; n_drain; 0.05592021187; 0
17; 6; 1; 2000000000; 1; n_drain; 0.0392761409; -1.051369463E-05
17; 6; 2; 4000000000; 1; n_drain; 0.006845791373; -3.839838784E-06
17; 6; 3; 6000000000; 1; n_drain; 0.0007120384345; -6.731320009E-07
17; 6; 4; 8000000000; 1; n_drain; 3.801442539E-05; -6.980874517E-08
17; 7; 0; 0; 0; n_gate; -0.06099999878; 0
17; 7; 1; 2000000000; 0; n_gate; 0.01334915373; 1.416314982E-14
17; 7; 2; 4000000000; 0; n_gate; -1.226634733E-18; -1.226634733E-18
17; 7; 3; 6000000000; 0; n_gate; 8.67361738E-19; -8.67361738E-19
17; 7; 4; 8000000000; 0; n_gate; 0; -0
17; 7; 0; 0; 1; n_drain; 0.05771921089; 0
17; 7; 1; 2000000000; 1; n_drain; 0.04468614756; -1.216178161E-05
17; 7; 2; 4000000000; 1; n_drain; 0.008666304838; -4.947445242E-06
17; 7; 3; 6000000000; 1; n_drain; 0.0010032232; -9.679783292E-07
17; 7; 4; 8000000000; 1; n_drain; 5.899402605E-05; -1.119186544E-07
17; 8; 0; 0; 0; n_gate; -0.06099999878; 0
17; 8; 1; 2000000000; 0; n_gate; 0.01497799683; 1.589006704E-14
17; 8; 2; 4000000000; 0; n_gate; 0; -0
17; 8; 3; 6000000000; 0; n_gate; 5.501253668E-19; 1.582998323E-18
17; 8; 4; 8000000000; 0; n_gate; 0; -0
17; 8; 0; 0; 1; n_drain; 0.06000377357; 0
17; 8; 1; 2000000000; 1; n_drain; 0.05100719058; -1.417097218E-05
17; 8; 2; 4000000000; 1; n_drain; 0.01098389797; -6.409631356E-06
17; 8; 3; 6000000000; 1; n_drain; 0.001412113185; -1.397727868E-06
17; 8; 4; 8000000000; 1; n_drain; 9.096296388E-05; -1.798638215E-07
17; 9; 0; 0; 0; n_gate; -0.06099999878; 0
17; 9; 1; 2000000000; 0; n_gate; 0.01680558886; 1.783295733E-14
17; 9; 2; 4000000000; 0; n_gate; -1.226634733E-18; -5.080887426E-19
17; 9; 3; 6000000000; 0; n_gate; 1.839199309E-18; -6.784138046E-20
17; 9; 4; 8000000000; 0; n_gate; 0; -0
17; 9; 0; 0; 1; n_drain; 0.06290957989; 0
17; 9; 1; 2000000000; 1; n_drain; 0.05845015434; -1.665828756E-05
17; 9; 2; 4000000000; 1; n_drain; 0.01393989607; -8.359108944E-06
17; 9; 3; 6000000000; 1; n_drain; 0.00198486469; -2.028199434E-06
17; 9; 4; 8000000000; 1; n_drain; 0.000139030155; -2.898453805E-07
17; 10; 0; 0; 0; n_gate; -0.06099999878; 0
17; 10; 1; 2000000000; 0; n_gate; 0.01885618083; 2.000656585E-14
17; 10; 2; 4000000000; 0; n_gate; 2.961358209E-18; -1.226634733E-18
17; 10; 3; 6000000000; 0; n_gate; 7.34411245E-19; 6.68387264E-19
17; 10; 4; 8000000000; 0; n_gate; 0; -0
17; 10; 0; 0; 1; n_drain; 0.06661161162; 0
17; 10; 1; 2000000000; 1; n_drain; 0.06728891015; -1.979007998E-05
17; 10; 2; 4000000000; 1; n_drain; 0.01771710337; -1.098777135E-05
17; 10; 3; 6000000000; 1; n_drain; 0.002784191293; -2.959975743E-06
17; 10; 4; 8000000000; 1; n_drain; 0.0002099284399; -4.684460148E-07
18; -50; 0; 0; 0; n_gate; -0.06099999878; 0
18; -50; 1; 2000000000; 0; n_gate; 1.885618083E-05; 2.254632299E-17
18; -50; 2; 4000000000; 0; n_gate; 0; -0
18; -50; 3; 6000000000; 0; n_gate; 5.8385756E-19; 1.488144191E-18
18; -50; 4; 8000000000; 0; n_gate; 0; -0
18; -50; 0; 0; 1; n_drain; 0.04911305043; 0
18; -50; 1; 2000000000; 1; n_drain; 5.886745822E-05; -3.8057758E-08
18; -50; 2; 4000000000; 1; n_drain; 1.681094242E-08; -2.273736206E-11
18; -50; 3; 6000000000; 1; n_drain; 2.86362201E-12; -4.725523406E-14
18; -50; 4; 8000000000; 1; n_drain; -6.938893904E-18; 2.499736529E-14
18; -20; 0; 0; 0; n_gate; -0.06099999878; 0
18; -20; 1; 2000000000; 0; n_gate; 0.000596284794; 6.328488081E-16
18; -20; 2; 4000000000; 0; n_gate; 0; -0
18; -20; 3; 6000000000; 0; n_gate; 7.611569041E-19; 2.042333981E-18
18; -20; 4; 8000000000; 0; n_gate; 0; -0
18; -20; 0; 0; 1; n_drain; 0.04912984479; 0
18; -20; 1; 2000000000; 1; n_drain; 0.001861823526; -1.203868371E-06
18; -20; 2; 4000000000; 1; n_drain; 1.68120909E-05; -2.249438992E-08
18; -20; 3; 6000000000; 1; n_drain; 9.041761773E-08; -1.998287611E-10
18; -20; 4; 8000000000; 1; n_drain; 2.589888963E-10; -1.06734413E-12
18; -19; 0; 0; 0; n_gate; -0.06099999878; 0
18; -19; 1; 2000000000; 0; n_gate; 0.0006690425429; 7.087429602E-16
18; -19; 2; 4000000000; 0; n_gate; 0; -0
18; -19; 3; 6000000000; 0; n_gate; 2.782939092E-19; 2.771458602E-19
18; -19; 4; 8000000000; 0; n_gate; 0; -0
18; -19; 0; 0; 1; n_drain; 0.04913419788; 0
18; -19; 1; 2000000000; 1; n_drain; 0.002089079178; -1.3508634E-06
18; -19; 2; 4000000000; 1; n_drain; 2.116550423E-05; -2.83202712E-08
18; -19; 3; 6000000000; 1; n_drain; 1.277177382E-07; -2.823085318E-10
18; -19; 4; 8000000000; 1; n_drain; 4.103659981E-10; -1.623087081E-12
18; -18; 0; 0; 0; n_gate; -0.06099999878; 0
18; -18; 1; 2000000000; 0; n_gate; 0.0007506780798; 7.968885968E-16
18; -18; 2; 4000000000; 0; n_gate; 0; -0
18; -18; 3; 6000000000; 0; n_gate; -7.041909398E-20; 5.665715797E-19
18; -18; 4; 8000000000; 0; n_gate; 0; -0
18; -18; 0; 0; 1; n_drain; 0.04913967825; 0
18; -18; 1; 2000000000; 1; n_drain; 0.002344096735; -1.515845384E-06
18; -18; 2; 4000000000; 1; n_drain; 2.664632701E-05; -3.565581075E-08
18; -18; 3; 6000000000; 1; n_drain; 1.804052001E-07; -3.988170026E-10
18; -18; 4; 8000000000; 1; n_drain; 6.503745528E-10; -2.650598491E-12
18; -17; 0; 0; 0; n_gate; -0.06099999878; 0
18; -17; 1; 2000000000; 0; n_gate; 0.0008422746588; 8.944125822E-16
18; -17; 2; 4000000000; 0; n_gate; 0; -0
18; -17; 3; 6000000000; 0; n_gate; -5.489941186E-19; -1.314670794E-18
18; -17; 4; 8000000000; 0; n_gate; 0; -0
18; -17; 0; 0; 1; n_drain; 0.04914657787; 0
18; -17; 1; 2000000000; 1; n_drain; 0.002630277073; -1.701020842E-06
18; -17; 2; 4000000000; 1; n_drain; 3.35465876E-05; -4.489233575E-08
18; -17; 3; 6000000000; 1; n_drain; 2.548275261E-07; -5.633859144E-10
18; -17; 4; 8000000000; 1; n_drain; 1.030643904E-09; -4.167183959E-12
18; -16; 0; 0; 0; n_gate; -0.06099999878; 0
18; -16; 1; 2000000000; 0; n_gate; 0.0009450477107; 1.001640177E-15
18; -16; 2; 4000000000; 0; n_gate; 0; -0
18; -16; 3; 6000000000; 0; n_gate; -1.089630686E-18; -4.108361181E-19
18; -16; 4; 8000000000; 0; n_gate; 0; -0
18; -16; 0; 0; 1; n_drain; 0.04915526433; 0
18; -16; 1; 2000000000; 1; n_drain; 0.002951441574; -1.908879511E-06
18; -16; 2; 4000000000; 1; n_drain; 4.223399758E-05; -5.65228575E-08
18; -16; 3; 6000000000; 1; n_drain; 3.599506157E-07; -7.958694441E-10
18; -16; 4; 8000000000; 1; n_drain; 1.633365783E-09; -6.610059722E-12
18; -15; 0; 0; 0; n_gate; -0.06099999878; 0
18; -15; 1; 2000000000; 0; n_gate; 0.001060360972; 1.1277871E-15
18; -15; 2; 4000000000; 0; n_gate; 0; -0
18; -15; 3; 6000000000; 0; n_gate; -2.263113581E-18; 4.204432955E-19
18; -15; 4; 8000000000; 0; n_gate; 0; -0
18; -15; 0; 0; 1; n_drain; 0.04916620054; 0
18; -15; 1; 2000000000; 1; n_drain; 0.003311885716; -2.142225764E-06
18; -15; 2; 4000000000; 1; n_drain; 5.31715858E-05; -7.1168824E-08
18; -15; 3; 6000000000; 1; n_drain; 5.084387811E-07; -1.124293357E-09
18; -15; 4; 8000000000; 1; n_drain; 2.588397531E-09; -1.050504128E-11
18; -14; 0; 0; 0; n_gate; -0.06099999878; 0
18; -14; 1; 2000000000; 0; n_gate; 0.001189744578; 1.26244501E-15
18; -14; 2; 4000000000; 0; n_gate; 0; -0
18; -14; 3; 6000000000; 0; n_gate; -4.241465413E-19; -5.16869648E-19
18; -14; 4; 8000000000; 0; n_gate; 0; -0
18; -14; 0; 0; 1; n_drain; 0.04917996935; 0
18; -14; 1; 2000000000; 1; n_drain; 0.003716440173; -2.404266941E-06
18; -14; 2; 4000000000; 1; n_drain; 6.694244912E-05; -8.961498843E-08
18; -14; 3; 6000000000; 1; n_drain; 7.181801494E-07; -1.588362868E-09
18; -14; 4; 8000000000; 1; n_drain; 4.101681605E-09; -1.666496802E-11
18; -13; 0; 0; 0; n_gate; -0.06099999878; 0
18; -13; 1; 2000000000; 0; n_gate; 0.001334915373; 1.415751197E-15
18; -13; 2; 4000000000; 0; n_gate; 0; -0
18; -13; 3; 6000000000; 0; n_gate; 1.131710233E-18; -1.705476234E-18
18; -13; 4; 8000000000; 0; n_gate; 0; -0
18; -13; 0; 0; 1; n_drain; 0.04919730473; 0
18; -13; 1; 2000000000; 1; n_drain; 0.004170540565; -2.698498773E-06
18; -13; 2; 4000000000; 1; n_drain; 8.428090654E-05; -1.128462166E-07
18; -13; 3; 6000000000; 1; n_drain; 1.014440444E-06; -2.244071891E-09
18; -13; 4; 8000000000; 1; n_drain; 6.499576544E-09; -2.642489005E-11
18; -12; 0; 0; 0; n_gate; -0.06099999878; 0
18; -12; 1; 2000000000; 0; n_gate; 0.001497799683; 1.591175108E-15
18; -12; 2; 4000000000; 0; n_gate; 0; -0
18; -12; 3; 6000000000; 0; n_gate; -2.032855001E-18; -1.661680757E-18
18; -12; 4; 8000000000; 0; n_gate; 0; -0
18; -12; 0; 0; 1; n_drain; 0.04921913103; 0
18; -12; 1; 2000000000; 1; n_drain; 0.004680307858; -3.028990303E-06
18; -12; 2; 4000000000; 1; n_drain; 0.0001061118618; -1.421086197E-07
18; -12; 3; 6000000000; 1; n_drain; 1.432906766E-06; -3.170556089E-09
18; -12; 4; 8000000000; 1; n_drain; 1.029879606E-08; -4.186024097E-11
18; -11; 0; 0; 0; n_gate; -0.06099999878; 0
18; -11; 1; 2000000000; 0; n_gate; 0.001680558886; 1.783620994E-15
18; -11; 2; 4000000000; 0; n_gate; 1.226634733E-18; -1.226634733E-18
18; -11; 3; 6000000000; 0; n_gate; 3.012883599E-18; -2.783293047E-18
18; -11; 4; 8000000000; 0; n_gate; 0; -0
18; -11; 0; 0; 1; n_drain; 0.04924661243; 0
18; -11; 1; 2000000000; 1; n_drain; 0.00525264097; -3.400313547E-06
18; -11; 2; 4000000000; 1; n_drain; 0.0001336003658; -1.789735123E-07
18; -11; 3; 6000000000; 1; n_drain; 2.023984017E-06; -4.47990389E-09
18; -11; 4; 8000000000; 1; n_drain; 1.631772922E-08; -6.635383215E-11
18; -10; 0; 0; 0; n_gate; -0.06099999878; 0
18; -10; 1; 2000000000; 0; n_gate; 0.001885618083; 2.00100353E-15
18; -10; 2; 4000000000; 0; n_gate; 0; -0
18; -10; 3; 6000000000; 0; n_gate; -4.297265555E-21; 2.025895755E-18
18; -10; 4; 8000000000; 0; n_gate; 0; -0
18; -10; 0; 0; 1; n_drain; 0.04928121537; 0
18; -10; 1; 2000000000; 1; n_drain; 0.005895324551; -3.817659765E-06
18; -10; 2; 4000000000; 1; n_drain; 0.0001682141981; -2.254241268E-07
18; -10; 3; 6000000000; 1; n_drain; 2.858863201E-06; -6.33038688E-09
18; -10; 4; 8000000000; 1; n_drain; 2.58525194E-08; -1.051846769E-10
18; -9; 0; 0; 0; n_gate; -0.06099999878; 0
18; -9; 1; 2000000000; 0; n_gate; 0.002115698287; 2.244298497E-15
18; -9; 2; 4000000000; 0; n_gate; 0; -0
18; -9; 3; 6000000000; 0; n_gate; 2.555672211E-18; -8.567965567E-19
18; -9; 4; 8000000000; 0; n_gate; 0; -0
18; -9; 0; 0; 1; n_drain; 0.04932478723; 0
18; -9; 1; 2000000000; 1; n_drain; 0.006617155173; -4.286940114E-06
18; -9; 2; 4000000000; 1; n_drain; 0.0002118028735; -2.839664021E-07
18; -9; 3; 6000000000; 1; n_drain; 4.038090587E-06; -8.946203294E-09
18; -9; 4; 8000000000; 1; n_drain; 4.095477671E-08; -1.668246791E-10
18; -8; 0; 0; 0; n_gate; -0.06099999878; 0
18; -8; 1; 2000000000; 0; n_gate; 0.002373852522; 2.519685849E-15
18; -8; 2; 4000000000; 0; n_gate; 0; -0
18; -8; 3; 6000000000; 0; n_gate; 2.182275298E-18; -4.566151347E-19
18; -8; 4; 8000000000; 0; n_gate; 0; -0
18; -8; 0; 0; 1; n_drain; 0.04937965573; 0
18; -8; 1; 2000000000; 1; n_drain; 0.007428090378; -4.814909169E-06
18; -8; 2; 4000000000; 1; n_drain; 0.0002666974672; -3.577686321E-07
18; -8; 3; 6000000000; 1; n_drain; 5.703667111E-06; -1.264437806E-08
18; -8; 4; 8000000000; 1; n_drain; 6.487156594E-08; -2.644805347E-10
18; -7; 0; 0; 0; n_gate; -0.06099999878; 0
18; -7; 1; 2000000000; 0; n_gate; 0.002663506337; 2.826081383E-15
18; -7; 2; 4000000000; 0; n_gate; 1.734723476E-18; -0
18; -7; 3; 6000000000; 0; n_gate; -1.043733068E-18; -1.009600186E-19
18; -7; 4; 8000000000; 0; n_gate; 0; -0
18; -7; 0; 0; 1; n_drain; 0.04944875451; 0
18; -7; 1; 2000000000; 1; n_drain; 0.008339426464; -5.409319087E-06
18; -7; 2; 4000000000; 1; n_drain; 0.0003358368586; -4.508417651E-07
18; -7; 3; 6000000000; 1; n_drain; 8.056130338E-06; -1.787411925E-08
18; -7; 4; 8000000000; 1; n_drain; 1.02739846E-07; -4.194040601E-10
18; -6; 0; 0; 0; n_gate; -0.06099999878; 0
18; -6; 1; 2000000000; 0; n_gate; 0.002988503263; 3.172592397E-15
18; -6; 2; 4000000000; 0; n_gate; 1.734723476E-18; -0
18; -6; 3; 6000000000; 0; n_gate; -1.147976163E-18; 2.026322177E-18
18; -6; 4; 8000000000; 0; n_gate; 0; -0
18; -6; 0; 0; 1; n_drain; 0.04953578178; 0
18; -6; 1; 2000000000; 1; n_drain; 0.00936401282; -6.079113146E-06
18; -6; 2; 4000000000; 1; n_drain; 0.0004229275632; -5.682701614E-07
18; -6; 3; 6000000000; 1; n_drain; 1.137866774E-05; -2.527182703E-08
18; -6; 4; 8000000000; 1; n_drain; 1.62682582E-07; -6.65120032E-10
18; -5; 0; 0; 0; n_gate; -0.06099999878; 0
18; -5; 1; 2000000000; 0; n_gate; 0.003353155812; 3.559435732E-15
18; -5; 2; 4000000000; 0; n_gate; 0; -0
18; -5; 3; 6000000000; 0; n_gate; -1.566943593E-18; 2.525723555E-19
18; -5; 4; 8000000000; 0; n_gate; 0; -0
18; -5; 0; 0; 1; n_drain; 0.04964540129; 0
18; -5; 1; 2000000000; 1; n_drain; 0.01051651342; -6.834673404E-06
18; -5; 2; 4000000000; 1; n_drain; 0.0005326463699; -7.165103702E-07
18; -5; 3; 6000000000; 1; n_drain; 1.607114885E-05; -3.574003748E-08
18; -5; 4; 8000000000; 1; n_drain; 2.575367656E-07; -1.054993801E-09
18; -4; 0; 0; 0; n_gate; -0.06099999878; 0
18; -4; 1; 2000000000; 0; n_gate; 0.003762302702; 3.994851325E-15
18; -4; 2; 4000000000; 0; n_gate; 0; -0
18; -4; 3; 6000000000; 0; n_gate; -1.536883334E-18; -1.867899602E-18
18; -4; 4; 8000000000; 0; n_gate; 0; -0
18; -4; 0; 0; 1; n_drain; 0.04978349685; 0
18; -4; 1; 2000000000; 1; n_drain; 0.01181372981; -7.688141845E-06
18; -4; 2; 4000000000; 1; n_drain; 0.0006708976788; -9.03778538E-07
18; -4; 3; 6000000000; 1; n_drain; 2.269814529E-05; -5.055995463E-08
18; -4; 4; 8000000000; 1; n_drain; 4.075735508E-07; -1.673663822E-09
18; -3; 0; 0; 0; n_gate; -0.06099999878; 0
18; -3; 1; 2000000000; 0; n_gate; 0.004221373062; 4.477971813E-15
18; -3; 2; 4000000000; 0; n_gate; 1.734723476E-18; 1.734723476E-18
18; -3; 3; 6000000000; 0; n_gate; -2.49852425E-19; -2.677183855E-19
18; -3; 4; 8000000000; 0; n_gate; 0; -0
18; -3; 0; 0; 1; n_drain; 0.04995749555; 0
18; -3; 1; 2000000000; 1; n_drain; 0.01327500531; -8.653842057E-06
18; -3; 2; 4000000000; 1; n_drain; 0.0008451409753; -1.140558171E-06
18; -3; 3; 6000000000; 1; n_drain; 3.205666339E-05; -7.155267193E-08
18; -3; 4; 8000000000; 1; n_drain; 6.447722517E-07; -2.655899552E-09
18; -2; 0; 0; 0; n_gate; -0.06099999878; 0
18; -2; 1; 2000000000; 0; n_gate; 0.004736458478; 5.025927591E-15
18; -2; 2; 4000000000; 0; n_gate; 1.226634733E-18; 1.226634733E-18
18; -2; 3; 6000000000; 0; n_gate; 1.188947156E-18; -4.152042236E-19
18; -2; 4; 8000000000; 0; n_gate; 0; -0
18; -2; 0; 0; 1; n_drain; 0.0501767787; 0
18; -2; 1; 2000000000; 1; n_drain; 0.01492273725; -9.748840618E-06
18; -2; 2; 4000000000; 1; n_drain; 0.001064808582; -1.440269614E-06
18; -2; 3; 6000000000; 1; n_drain; 4.527164184E-05; -1.013105028E-07
18; -2; 4; 8000000000; 1; n_drain; 1.019520191E-06; -4.21578758E-09
18; -1; 0; 0; 0; n_gate; -0.06099999878; 0
18; -1; 1; 2000000000; 0; n_gate; 0.00531439382; 5.638718659E-15
18; -1; 2; 4000000000; 0; n_gate; 4.187992943E-18; -0
18; -1; 3; 6000000000; 0; n_gate; -3.791307691E-19; 7.045042372E-19
18; -1; 4; 8000000000; 0; n_gate; 0; -0
18; -1; 0; 0; 1; n_drain; 0.05045320567; 0
18; -1; 1; 2000000000; 1; n_drain; 0.01678303476; -1.09937039E-05
18; -1; 2; 4000000000; 1; n_drain; 0.001341840135; -1.820161224E-06
18; -1; 3; 6000000000; 1; n_drain; 6.393051126E-05; -1.435310697E-07
18; -1; 4; 8000000000; 1; n_drain; 1.611081674E-06; -6.694605932E-09
18; 0; 0; 0; 0; n_gate; -0.06099999878; 0
18; 0; 1; 2000000000; 0; n_gate; 0.00596284794; 6.327403879E-15
18; 0; 2; 4000000000; 0; n_gate; 1.226634733E-18; -5.080887426E-19
18; 0; 3; 6000000000; 0; n_gate; -7.94912069E-20; -1.575647856E-18
18; 0; 4; 8000000000; 0; n_gate; 0; -0
18; 0; 0; 0; 1; n_drain; 0.05080178353; 0
18; 0; 1; 2000000000; 1; n_drain; 0.01888657318; -1.241352968E-05
18; 0; 2; 4000000000; 1; n_drain; 0.001691368734; -2.302509611E-06
18; 0; 3; 6000000000; 1; n_drain; 9.027263538E-05; -2.035007361E-07
18; 0; 4; 8000000000; 1; n_drain; 2.543891626E-06; -1.06361162E-08
18; 1; 0; 0; 0; n_gate; -0.06099999878; 0
18; 1; 1; 2000000000; 0; n_gate; 0.006690425429; 7.098922145E-15
18; 1; 2; 4000000000; 0; n_gate; 1.226634733E-18; 1.226634733E-18
18; 1; 3; 6000000000; 0; n_gate; 4.051901242E-18; -1.033415E-19
18; 1; 4; 8000000000; 0; n_gate; 0; -0
18; 1; 0; 0; 1; n_drain; 0.05124152555; 0
18; 1; 1; 2000000000; 1; n_drain; 0.0212697166; -1.403937037E-05
18; 1; 2; 4000000000; 1; n_drain; 0.00213260526; -2.916253802E-06
18; 1; 3; 6000000000; 1; n_drain; 0.0001274557043; -2.887994704E-07
18; 1; 4; 8000000000; 1; n_drain; 4.012776729E-06; -1.690840145E-08
18; 2; 0; 0; 0; n_gate; -0.06099999878; 0
18; 2; 1; 2000000000; 0; n_gate; 0.007506780798; 7.96498284E-15
18; 2; 2; 4000000000; 0; n_gate; 1.734723476E-18; -1.734723476E-18
18; 2; 3; 6000000000; 0; n_gate; -3.035373439E-19; 1.543770198E-18
18; 2; 4; 8000000000; 0; n_gate; 0; -0
18; 2; 0; 0; 1; n_drain; 0.05179655608; 0
18; 2; 1; 2000000000; 1; n_drain; 0.02397600679; -1.591021505E-05
18; 2; 2; 4000000000; 1; n_drain; 0.002689983026; -3.699251743E-06
18; 2; 3; 6000000000; 1; n_drain; 0.0001799297103; -4.103345418E-07
18; 2; 4; 8000000000; 1; n_drain; 6.321715863E-06; -2.689975817E-08
18; 3; 0; 0; 0; n_gate; -0.06099999878; 0
18; 3; 1; 2000000000; 0; n_gate; 0.008422746588; 8.937729029E-15
18; 3; 2; 4000000000; 0; n_gate; 0; 1.734723476E-18
18; 3; 3; 6000000000; 0; n_gate; 3.556882228E-19; 2.801053519E-18
18; 3; 4; 8000000000; 0; n_gate; 0; -0
18; 3; 0; 0; 1; n_drain; 0.05249753798; 0
18; 3; 1; 2000000000; 1; n_drain; 0.02705815445; -1.807578064E-05
18; 3; 2; 4000000000; 1; n_drain; 0.003394646263; -4.701438352E-06
18; 3; 3; 6000000000; 1; n_drain; 0.0002539606859; -5.838685075E-07
18; 3; 4; 8000000000; 1; n_drain; 9.942822285E-06; -4.283461556E-08
18; 4; 0; 0; 0; n_gate; -0.06099999878; 0
18; 4; 1; 2000000000; 0; n_gate; 0.009450477107; 1.003017114E-14
18; 4; 2; 4000000000; 0; n_gate; -1.226634733E-18; -1.226634733E-18
18; 4; 3; 6000000000; 0; n_gate; -4.179093035E-18; -1.364405279E-19
18; 4; 4; 8000000000; 0; n_gate; 0; -0
18; 4; 0; 0; 1; n_drain; 0.05338352451; 0
18; 4; 1; 2000000000; 1; n_drain; 0.03058071943; -2.060047876E-05
18; 4; 2; 4000000000; 1; n_drain; 0.004286394607; -5.989311467E-06
18; 4; 3; 6000000000; 1; n_drain; 0.0003583615797; -8.322974E-07
18; 4; 4; 8000000000; 1; n_drain; 1.560486925E-05; -6.828590187E-08
18; 5; 0; 0; 0; n_gate; -0.06099999878; 0
18; 5; 1; 2000000000; 0; n_gate; 0.01060360972; 1.124968174E-14
18; 5; 2; 4000000000; 0; n_gate; 0; -0
18; 5; 3; 6000000000; 0; n_gate; -2.33990276E-20; -5.269581406E-19
18; 5; 4; 8000000000; 0; n_gate; 0; -0
18; 5; 0; 0; 1; n_drain; 0.05450437131; 0
18; 5; 1; 2000000000; 1; n_drain; 0.03462373375; -2.356911028E-05
18; 5; 2; 4000000000; 1; n_drain; 0.00541623364; -7.652400249E-06
18; 5; 3; 6000000000; 1; n_drain; 0.0005055067932; -1.189081032E-06
18; 5; 4; 8000000000; 1; n_drain; 2.442354024E-05; -1.09008469E-07
18; 6; 0; 0; 0; n_gate; -0.06099999878; 0
18; 6; 1; 2000000000; 0; n_gate; 0.01189744578; 1.262184801E-14
18; 6; 2; 4000000000; 0; n_gate; 0; 2.453269467E-18
18; 6; 3; 6000000000; 0; n_gate; -8.05875087E-19; -1.633870105E-18
18; 6; 4; 8000000000; 0; n_gate; 0; -0
18; 6; 0; 0; 1; n_drain; 0.05592388833; 0
18; 6; 1; 2000000000; 1; n_drain; 0.03928760812; -2.70951172E-05
18; 6; 2; 4000000000; 1; n_drain; 0.006849729379; -9.812728442E-06
18; 6; 3; 6000000000; 1; n_drain; 0.0007127291318; -1.703459994E-06
18; 6; 4; 8000000000; 1; n_drain; 3.808741518E-05; -1.743008369E-07
18; 7; 0; 0; 0; n_gate; -0.06099999878; 0
18; 7; 1; 2000000000; 0; n_gate; 0.01334915373; 1.416488454E-14
18; 7; 2; 4000000000; 0; n_gate; 0; -0
18; 7; 3; 6000000000; 0; n_gate; -1.832339472E-20; -1.654462165E-18
18; 7; 4; 8000000000; 0; n_gate; 0; -0
18; 7; 0; 0; 1; n_drain; 0.0577239649; 0
18; 7; 1; 2000000000; 1; n_drain; 0.04469976657; -3.133265198E-05
18; 7; 2; 4000000000; 1; n_drain; 0.008671420073; -1.263885516E-05
18; 7; 3; 6000000000; 1; n_drain; 0.001004219202; -2.448477095E-06
18; 7; 4; 8000000000; 1; n_drain; 5.911105704E-05; -2.792379248E-07
18; 8; 0; 0; 0; n_gate; -0.06099999878; 0
18; 8; 1; 2000000000; 0; n_gate; 0.01497799683; 1.589006704E-14
18; 8; 2; 4000000000; 0; n_gate; 0; -0
18; 8; 3; 6000000000; 0; n_gate; 5.501253668E-19; 1.582998323E-18
18; 8; 4; 8000000000; 0; n_gate; 0; -0
18; 8; 0; 0; 1; n_drain; 0.06000995938; 0
18; 8; 1; 2000000000; 1; n_drain; 0.0510235644; -3.649438286E-05
18; 8; 2; 4000000000; 1; n_drain; 0.01099059024; -1.636696976E-05
18; 8; 3; 6000000000; 1; n_drain; 0.001413556123; -3.533433773E-06
18; 8; 4; 8000000000; 1; n_drain; 9.115103694E-05; -4.483434679E-07
18; 9; 0; 0; 0; n_gate; -0.06099999878; 0
18; 9; 1; 2000000000; 0; n_gate; 0.01680558886; 1.783295733E-14
18; 9; 2; 4000000000; 0; n_gate; -1.226634733E-18; -5.080887426E-19
18; 9; 3; 6000000000; 0; n_gate; 1.839199309E-18; -6.784138046E-20
18; 9; 4; 8000000000; 0; n_gate; 0; -0
18; 9; 0; 0; 1; n_drain; 0.06291768886; 0
18; 9; 1; 2000000000; 1; n_drain; 0.05847012243; -4.287795327E-05
18; 9; 2; 4000000000; 1; n_drain; 0.01394872661; -2.133291092E-05
18; 9; 3; 6000000000; 1; n_drain; 0.001986966522; -5.123403367E-06
18; 9; 4; 8000000000; 1; n_drain; 0.0001393331352; -7.216324206E-07
18; 10; 0; 0; 0; n_gate; -0.06099999878; 0
18; 10; 1; 2000000000; 0; n_gate; 0.01885618083; 2.000656585E-14
18; 10; 2; 4000000000; 0; n_gate; 2.961358209E-18; -1.226634733E-18
18; 10; 3; 6000000000; 0; n_gate; 7.34411245E-19; 6.68387264E-19
18; 10; 4; 8000000000; 0; n_gate; 0; -0
18; 10; 0; 0; 1; n_drain; 0.06662233512; 0
18; 10; 1; 2000000000; 1; n_drain; 0.06731366043; -5.090548357E-05
18; 10; 2; 4000000000; 1; n_drain; 0.01772887209; -2.802109914E-05
18; 10; 3; 6000000000; 1; n_drain; 0.002787272021; -7.469972346E-06
18; 10; 4; 8000000000; 1; n_drain; 0.0002104177189; -1.164516974E-06
19; -50; 0; 0; 0; n_gate; -0.06099999878; 0
19; -50; 1; 2000000000; 0; n_gate; 1.885618083E-05; 1.830268792E-17
19; -50; 2; 4000000000; 0; n_gate; 0; -0
19; -50; 3; 6000000000; 0; n_gate; -1.924931006E-18; 6.440571645E-19
19; -50; 4; 8000000000; 0; n_gate; 0; -0
19; -50; 0; 0; 1; n_drain; 0.04911305043; 0
19; -50; 1; 2000000000; 1; n_drain; 5.888330405E-05; 8.757376235E-08
19; -50; 2; 4000000000; 1; n_drain; 1.682064314E-08; 5.210737776E-11
19; -50; 3; 6000000000; 1; n_drain; 2.88180787E-12; 1.888996184E-14
19; -50; 4; 8000000000; 1; n_drain; -2.499736529E-14; -2.500777363E-14
19; -20; 0; 0; 0; n_gate; -0.06099999878; 0
19; -20; 1; 2000000000; 0; n_gate; 0.000596284794; 6.328488081E-16
19; -20; 2; 4000000000; 0; n_gate; 0; -0
19; -20; 3; 6000000000; 0; n_gate; 7.611569041E-19; 2.042333981E-18
19; -20; 4; 8000000000; 0; n_gate; 0; -0
19; -20; 0; 0; 1; n_drain; 0.04912985304; 0
19; -20; 1; 2000000000; 1; n_drain; 0.001862324812; 2.770214301E-06
19; -20; 2; 4000000000; 1; n_drain; 1.682248182E-05; 5.128468554E-08
19; -20; 3; 6000000000; 1; n_drain; 9.052045655E-08; 4.508954528E-10
19; -20; 4; 8000000000; 1; n_drain; 2.595469117E-10; 2.336023736E-12
19; -19; 0; 0; 0; n_gate; -0.06099999878; 0
19; -19; 1; 2000000000; 0; n_gate; 0.0006690425429; 7.087429602E-16
19; -19; 2; 4000000000; 0; n_gate; 0; -0
19; -19; 3; 6000000000; 0; n_gate; 2.782939092E-19; 2.771458602E-19
19; -19; 4; 8000000000; 0; n_gate; 0; -0
19; -19; 0; 0; 1; n_drain; 0.04913420827; 0
19; -19; 1; 2000000000; 1; n_drain; 0.002089641713; 3.108461127E-06
19; -19; 2; 4000000000; 1; n_drain; 2.117858655E-05; 6.456705043E-08
19; -19; 3; 6000000000; 1; n_drain; 1.278630185E-07; 6.369232718E-10
19; -19; 4; 8000000000; 1; n_drain; 4.113291339E-10; 3.736413956E-12
19; -18; 0; 0; 0; n_gate; -0.06099999878; 0
19; -18; 1; 2000000000; 0; n_gate; 0.0007506780798; 7.962380755E-16
19; -18; 2; 4000000000; 0; n_gate; 0; -0
19; -18; 3; 6000000000; 0; n_gate; 5.9343084E-19; -1.036103934E-18
19; -18; 4; 8000000000; 0; n_gate; 0; -0
19; -18; 0; 0; 1; n_drain; 0.04913969133; 0
19; -18; 1; 2000000000; 1; n_drain; 0.002344728032; 3.488096112E-06
19; -18; 2; 4000000000; 1; n_drain; 2.666279849E-05; 8.129119181E-08
19; -18; 3; 6000000000; 1; n_drain; 1.806104365E-07; 8.997965145E-10
19; -18; 4; 8000000000; 1; n_drain; 6.518914818E-10; 5.852991702E-12
19; -17; 0; 0; 0; n_gate; -0.06099999878; 0
19; -17; 1; 2000000000; 0; n_gate; 0.0008422746588; 8.944125822E-16
19; -17; 2; 4000000000; 0; n_gate; 0; -0
19; -17; 3; 6000000000; 0; n_gate; -5.489941186E-19; -1.314670794E-18
19; -17; 4; 8000000000; 0; n_gate; 0; -0
19; -17; 0; 0; 1; n_drain; 0.04914659433; 0
19; -17; 1; 2000000000; 1; n_drain; 0.002630985572; 3.914196071E-06
19; -17; 2; 4000000000; 1; n_drain; 3.356732665E-05; 1.02349213E-07
19; -17; 3; 6000000000; 1; n_drain; 2.551174932E-07; 1.271096819E-09
19; -17; 4; 8000000000; 1; n_drain; 1.033094502E-09; 9.330064499E-12
19; -16; 0; 0; 0; n_gate; -0.06099999878; 0
19; -16; 1; 2000000000; 0; n_gate; 0.0009450477107; 1.001640177E-15
19; -16; 2; 4000000000; 0; n_gate; 0; -0
19; -16; 3; 6000000000; 0; n_gate; -1.089630686E-18; -4.108361181E-19
19; -16; 4; 8000000000; 0; n_gate; 0; -0
19; -16; 0; 0; 1; n_drain; 0.04915528507; 0
19; -16; 1; 2000000000; 1; n_drain; 0.002952236766; 4.392489393E-06
19; -16; 2; 4000000000; 1; n_drain; 4.226011077E-05; 1.288652042E-07
19; -16; 3; 6000000000; 1; n_drain; 3.603602226E-07; 1.795635508E-09
19; -16; 4; 8000000000; 1; n_drain; 1.637236888E-09; 1.474441055E-11
19; -15; 0; 0; 0; n_gate; -0.06099999878; 0
19; -15; 1; 2000000000; 0; n_gate; 0.001060360972; 1.1277871E-15
19; -15; 2; 4000000000; 0; n_gate; 0; -0
19; -15; 3; 6000000000; 0; n_gate; -2.263113581E-18; 4.204432955E-19
19; -15; 4; 8000000000; 0; n_gate; 0; -0
19; -15; 0; 0; 1; n_drain; 0.04916622665; 0
19; -15; 1; 2000000000; 1; n_drain; 0.00331277828; 4.929427766E-06
19; -15; 2; 4000000000; 1; n_drain; 5.320446717E-05; 1.622558287E-07
19; -15; 3; 6000000000; 1; n_drain; 5.090174072E-07; 2.536705906E-09
19; -15; 4; 8000000000; 1; n_drain; 2.594573171E-09; 2.339141381E-11
19; -14; 0; 0; 0; n_gate; -0.06099999878; 0
19; -14; 1; 2000000000; 0; n_gate; 0.001189744578; 1.26244501E-15
19; -14; 2; 4000000000; 0; n_gate; 0; -0
19; -14; 3; 6000000000; 0; n_gate; -4.241465413E-19; -5.16869648E-19
19; -14; 4; 8000000000; 0; n_gate; 0; -0
19; -14; 0; 0; 1; n_drain; 0.04918000222; 0
19; -14; 1; 2000000000; 1; n_drain; 0.003717442151; 5.532390006E-06
19; -14; 2; 4000000000; 1; n_drain; 6.698385598E-05; 2.043101063E-07
19; -14; 3; 6000000000; 1; n_drain; 7.189976492E-07; 3.583706656E-09
19; -14; 4; 8000000000; 1; n_drain; 4.111477828E-09; 3.706704735E-11
19; -13; 0; 0; 0; n_gate; -0.06099999878; 0
19; -13; 1; 2000000000; 0; n_gate; 0.001334915373; 1.415751197E-15
19; -13; 2; 4000000000; 0; n_gate; 0; -0
19; -13; 3; 6000000000; 0; n_gate; 1.131710233E-18; -1.705476234E-18
19; -13; 4; 8000000000; 0; n_gate; 0; -0
19; -13; 0; 0; 1; n_drain; 0.04919734612; 0
19; -13; 1; 2000000000; 1; n_drain; 0.004171665494; 6.209417531E-06
19; -13; 2; 4000000000; 1; n_drain; 8.433305203E-05; 2.572731347E-07
19; -13; 3; 6000000000; 1; n_drain; 1.015595528E-06; 5.063084867E-09
19; -13; 4; 8000000000; 1; n_drain; 6.515075569E-09; 5.87868261E-11
19; -12; 0; 0; 0; n_gate; -0.06099999878; 0
19; -12; 1; 2000000000; 0; n_gate; 0.001497799683; 1.591175108E-15
19; -12; 2; 4000000000; 0; n_gate; 0; -0
19; -12; 3; 6000000000; 0; n_gate; -2.032855001E-18; -1.661680757E-18
19; -12; 4; 8000000000; 0; n_gate; 0; -0
19; -12; 0; 0; 1; n_drain; 0.04921918316; 0
19; -12; 1; 2000000000; 1; n_drain; 0.004681571026; 6.969869699E-06
19; -12; 2; 4000000000; 1; n_drain; 0.0001061775366; 3.239858047E-07
19; -12; 3; 6000000000; 1; n_drain; 1.434538901E-06; 7.153455986E-09
19; -12; 4; 8000000000; 1; n_drain; 1.032338695E-08; 9.314162983E-11
19; -11; 0; 0; 0; n_gate; -0.06099999878; 0
19; -11; 1; 2000000000; 0; n_gate; 0.001680558886; 1.783620994E-15
19; -11; 2; 4000000000; 0; n_gate; 1.226634733E-18; -1.226634733E-18
19; -11; 3; 6000000000; 0; n_gate; 3.012883599E-18; -2.783293047E-18
19; -11; 4; 8000000000; 0; n_gate; 0; -0
19; -11; 0; 0; 1; n_drain; 0.04924667809; 0
19; -11; 1; 2000000000; 1; n_drain; 0.005254059648; 7.824262354E-06
19; -11; 2; 4000000000; 1; n_drain; 0.0001336830891; 4.080295314E-07
19; -11; 3; 6000000000; 1; n_drain; 2.026290332E-06; 1.010749404E-08
19; -11; 4; 8000000000; 1; n_drain; 1.635676064E-08; 1.477041683E-10
19; -10; 0; 0; 0; n_gate; -0.06099999878; 0
19; -10; 1; 2000000000; 0; n_gate; 0.001885618083; 2.00100353E-15
19; -10; 2; 4000000000; 0; n_gate; 0; -0
19; -10; 3; 6000000000; 0; n_gate; -4.297265555E-21; 2.025895755E-18
19; -10; 4; 8000000000; 0; n_gate; 0; -0
19; -10; 0; 0; 1; n_drain; 0.04928129808; 0
19; -10; 1; 2000000000; 1; n_drain; 0.005896918285; 8.784533832E-06
19; -10; 2; 4000000000; 1; n_drain; 0.0001683184096; 5.139253462E-07
19; -10; 3; 6000000000; 1; n_drain; 2.862122484E-06; 1.428246213E-08
19; -10; 4; 8000000000; 1; n_drain; 2.591439232E-08; 2.34115366E-10
19; -9; 0; 0; 0; n_gate; -0.06099999878; 0
19; -9; 1; 2000000000; 0; n_gate; 0.002115698287; 2.244298497E-15
19; -9; 2; 4000000000; 0; n_gate; 0; -0
19; -9; 3; 6000000000; 0; n_gate; -4.641300304E-20; -8.567965567E-19
19; -9; 4; 8000000000; 0; n_gate; 0; -0
19; -9; 0; 0; 1; n_drain; 0.04932489142; 0
19; -9; 1; 2000000000; 1; n_drain; 0.006618946128; 9.864275746E-06
19; -9; 2; 4000000000; 1; n_drain; 0.0002119341777; 6.473845675E-07
19; -9; 3; 6000000000; 1; n_drain; 4.042697268E-06; 2.018382426E-08
19; -9; 4; 8000000000; 1; n_drain; 4.105278244E-08; 3.711218138E-10
19; -8; 0; 0; 0; n_gate; -0.06099999878; 0
19; -8; 1; 2000000000; 0; n_gate; 0.002373852522; 2.515782721E-15
19; -8; 2; 4000000000; 0; n_gate; 0; -0
19; -8; 3; 6000000000; 0; n_gate; 3.354152377E-18; -1.111262937E-18
19; -8; 4; 8000000000; 0; n_gate; 0; -0
19; -8; 0; 0; 1; n_drain; 0.04937978701; 0
19; -8; 1; 2000000000; 1; n_drain; 0.00743010376; 1.10790168E-05
19; -8; 2; 4000000000; 1; n_drain; 0.0002668629433; 8.156285983E-07
19; -8; 3; 6000000000; 1; n_drain; 5.710179256E-06; 2.852707609E-08
19; -8; 4; 8000000000; 1; n_drain; 6.502697036E-08; 5.883867109E-10
19; -7; 0; 0; 0; n_gate; -0.06099999878; 0
19; -7; 1; 2000000000; 0; n_gate; 0.002663506337; 2.826081383E-15
19; -7; 2; 4000000000; 0; n_gate; 1.734723476E-18; -0
19; -7; 3; 6000000000; 0; n_gate; -1.043733068E-18; -1.009600186E-19
19; -7; 4; 8000000000; 0; n_gate; 0; -0
19; -7; 0; 0; 1; n_drain; 0.04944891995; 0
19; -7; 1; 2000000000; 1; n_drain; 0.008341691025; 1.244657448E-05
19; -7; 2; 4000000000; 1; n_drain; 0.0003360454563; 1.027797961E-06
19; -7; 3; 6000000000; 1; n_drain; 8.065337922E-06; 4.032518582E-08
19; -7; 4; 8000000000; 1; n_drain; 1.029863375E-07; 9.32985196E-10
19; -6; 0; 0; 0; n_gate; -0.06099999878; 0
19; -6; 1; 2000000000; 0; n_gate; 0.002988503263; 3.172592397E-15
19; -6; 2; 4000000000; 0; n_gate; 1.734723476E-18; -0
19; -6; 3; 6000000000; 0; n_gate; -1.147976163E-18; 2.026322177E-18
19; -6; 4; 8000000000; 0; n_gate; 0; -0
19; -6; 0; 0; 1; n_drain; 0.04953599034; 0
19; -6; 1; 2000000000; 1; n_drain; 0.009366561491; 1.398749858E-05
19; -6; 2; 4000000000; 1; n_drain; 0.0004231906092; 1.295478495E-06
19; -6; 3; 6000000000; 1; n_drain; 1.13916895E-05; 5.701342781E-08
19; -6; 4; 8000000000; 1; n_drain; 1.630735722E-07; 1.479545739E-09
19; -5; 0; 0; 0; n_gate; -0.06099999878; 0
19; -5; 1; 2000000000; 0; n_gate; 0.003353155812; 3.559435732E-15
19; -5; 2; 4000000000; 0; n_gate; 0; -0
19; -5; 3; 6000000000; 0; n_gate; -1.566943593E-18; 2.525723555E-19
19; -5; 4; 8000000000; 0; n_gate; 0; -0
19; -5; 0; 0; 1; n_drain; 0.04964566427; 0
19; -5; 1; 2000000000; 1; n_drain; 0.0105193841; 1.572563733E-05
19; -5; 2; 4000000000; 1; n_drain; 0.0005329782183; 1.633380519E-06
19; -5; 3; 6000000000; 1; n_drain; 1.608957074E-05; 8.062720564E-08
19; -5; 4; 8000000000; 1; n_drain; 2.581571688E-07; 2.346674167E-09
19; -4; 0; 0; 0; n_gate; -0.06099999878; 0
19; -4; 1; 2000000000; 0; n_gate; 0.003762302702; 3.994851325E-15
19; -4; 2; 4000000000; 0; n_gate; 0; -0
19; -4; 3; 6000000000; 0; n_gate; -1.536883334E-18; -1.867899602E-18
19; -4; 4; 8000000000; 0; n_gate; 0; -0
19; -4; 0; 0; 1; n_drain; 0.04978382862; 0
19; -4; 1; 2000000000; 1; n_drain; 0.01181696636; 1.768887046E-05
19; -4; 2; 4000000000; 1; n_drain; 0.0006713165507; 2.060220611E-06
19; -4; 3; 6000000000; 1; n_drain; 2.272421675E-05; 1.140552271E-07
19; -4; 4; 8000000000; 1; n_drain; 4.085581807E-07; 3.722646195E-09
19; -3; 0; 0; 0; n_gate; -0.06099999878; 0
19; -3; 1; 2000000000; 0; n_gate; 0.004221373062; 4.477971813E-15
19; -3; 2; 4000000000; 0; n_gate; 1.734723476E-18; 1.734723476E-18
19; -3; 3; 6000000000; 0; n_gate; -2.49852425E-19; -2.677183855E-19
19; -3; 4; 8000000000; 0; n_gate; 0; -0
19; -3; 0; 0; 1; n_drain; 0.04995791433; 0
19; -3; 1; 2000000000; 1; n_drain; 0.01327865886; 1.991007194E-05
19; -3; 2; 4000000000; 1; n_drain; 0.0008456700484; 2.599875451E-06
19; -3; 3; 6000000000; 1; n_drain; 3.209357911E-05; 1.614030834E-07
19; -3; 4; 8000000000; 1; n_drain; 6.463356049E-07; 5.906854658E-09
19; -2; 0; 0; 0; n_gate; -0.06099999878; 0
19; -2; 1; 2000000000; 0; n_gate; 0.004736458478; 5.025927591E-15
19; -2; 2; 4000000000; 0; n_gate; 1.226634733E-18; 1.226634733E-18
19; -2; 3; 6000000000; 0; n_gate; 1.188947156E-18; -4.152042236E-19
19; -2; 4; 8000000000; 0; n_gate; 0; -0
19; -2; 0; 0; 1; n_drain; 0.05017730765; 0
19; -2; 1; 2000000000; 1; n_drain; 0.01492686788; 2.242839021E-05
19; -2; 2; 4000000000; 1; n_drain; 0.001065477414; 3.282902257E-06
19; -2; 3; 6000000000; 1; n_drain; 4.532394464E-05; 2.285137559E-07
19; -2; 4; 8000000000; 1; n_drain; 1.022003414E-06; 9.375298433E-09
19; -1; 0; 0; 0; n_gate; -0.06099999878; 0
19; -1; 1; 2000000000; 0; n_gate; 0.00531439382; 5.638718659E-15
19; -1; 2; 4000000000; 0; n_gate; 4.187992943E-18; -0
19; -1; 3; 6000000000; 0; n_gate; -3.791307691E-19; 7.045042372E-19
19; -1; 4; 8000000000; 0; n_gate; 0; -0
19; -1; 0; 0; 1; n_drain; 0.05045387434; 0
19; -1; 1; 2000000000; 1; n_drain; 0.01678771374; 2.529097207E-05
19; -1; 2; 4000000000; 1; n_drain; 0.00134268654; 4.14856209E-06
19; -1; 3; 6000000000; 1; n_drain; 6.400467195E-05; 3.237189463E-07
19; -1; 4; 8000000000; 1; n_drain; 1.615028408E-06; 1.488587623E-08
19; 0; 0; 0; 0; n_gate; -0.06099999878; 0
19; 0; 1; 2000000000; 0; n_gate; 0.00596284794; 6.325669155E-15
19; 0; 2; 4000000000; 0; n_gate; 0; 7.185459907E-19
19; 0; 3; 6000000000; 0; n_gate; 2.324522064E-18; -5.798729552E-19
19; 0; 4; 8000000000; 0; n_gate; 0; -0
19; 0; 0; 0; 1; n_drain; 0.0508026297; 0
19; 0; 1; 2000000000; 1; n_drain; 0.01889188599; 2.855531188E-05
19; 0; 2; 4000000000; 1; n_drain; 0.001692441276; 5.247540755E-06
19; 0; 3; 6000000000; 1; n_drain; 9.037789012E-05; 4.589264674E-07
19; 0; 4; 8000000000; 1; n_drain; 2.550168758E-06; 2.364612114E-08
19; 1; 0; 0; 0; n_gate; -0.06099999878; 0
19; 1; 1; 2000000000; 0; n_gate; 0.006690425429; 7.098922145E-15
19; 1; 2; 4000000000; 0; n_gate; 1.226634733E-18; 1.226634733E-18
19; 1; 3; 6000000000; 0; n_gate; 4.051901242E-18; -1.033415E-19
19; 1; 4; 8000000000; 0; n_gate; 0; -0
19; 1; 0; 0; 1; n_drain; 0.05124259775; 0
19; 1; 1; 2000000000; 1; n_drain; 0.02127576701; 3.229248696E-05
19; 1; 2; 4000000000; 1; n_drain; 0.002133966604; 6.645650949E-06
19; 1; 3; 6000000000; 1; n_drain; 0.0001276052703; 6.512034241E-07
19; 1; 4; 8000000000; 1; n_drain; 4.022768996E-06; 3.758302557E-08
19; 2; 0; 0; 0; n_gate; -0.06099999878; 0
19; 2; 1; 2000000000; 0; n_gate; 0.007506780798; 7.96498284E-15
19; 2; 2; 4000000000; 0; n_gate; 1.734723476E-18; -1.734723476E-18
19; 2; 3; 6000000000; 0; n_gate; -3.035373439E-19; 1.543770198E-18
19; 2; 4; 8000000000; 0; n_gate; 0; -0
19; 2; 0; 0; 1; n_drain; 0.05179791692; 0
19; 2; 1; 2000000000; 1; n_drain; 0.02398292254; 3.659166155E-05
19; 2; 2; 4000000000; 1; n_drain; 0.002691714496; 8.428936354E-06
19; 2; 3; 6000000000; 1; n_drain; 0.0001801425609; 9.250955185E-07
19; 2; 4; 8000000000; 1; n_drain; 6.337639623E-06; 5.977579805E-08
19; 3; 0; 0; 0; n_gate; -0.06099999878; 0
19; 3; 1; 2000000000; 0; n_gate; 0.008422746588; 8.937729029E-15
19; 3; 2; 4000000000; 0; n_gate; 0; 1.734723476E-18
19; 3; 3; 6000000000; 0; n_gate; 3.556882228E-19; 2.801053519E-18
19; 3; 4; 8000000000; 0; n_gate; 0; -0
19; 3; 0; 0; 1; n_drain; 0.05249926866; 0
19; 3; 1; 2000000000; 1; n_drain; 0.0270660951; 4.156641776E-05
19; 3; 2; 4000000000; 1; n_drain; 0.003396854121; 1.071080495E-05
19; 3; 3; 6000000000; 1; n_drain; 0.0002542641629; 1.316051177E-06
19; 3; 4; 8000000000; 1; n_drain; 9.968232916E-06; 9.515464028E-08
19; 4; 0; 0; 0; n_gate; -0.06099999878; 0
19; 4; 1; 2000000000; 0; n_gate; 0.009450477107; 1.003017114E-14
19; 4; 2; 4000000000; 0; n_gate; -1.226634733E-18; -1.226634733E-18
19; 4; 3; 6000000000; 0; n_gate; -4.179093035E-18; -1.364405279E-19
19; 4; 4; 8000000000; 0; n_gate; 0; -0
19; 4; 0; 0; 1; n_drain; 0.05338573106; 0
19; 4; 1; 2000000000; 1; n_drain; 0.03058988742; 4.73637427E-05
19; 4; 2; 4000000000; 1; n_drain; 0.004289218838; 1.364214488E-05
19; 4; 3; 6000000000; 1; n_drain; 0.0003587952671; 1.875518663E-06
19; 4; 4; 8000000000; 1; n_drain; 1.564548639E-05; 1.516304596E-07
19; 5; 0; 0; 0; n_gate; -0.06099999878; 0
19; 5; 1; 2000000000; 0; n_gate; 0.01060360972; 1.124968174E-14
19; 5; 2; 4000000000; 0; n_gate; 0; -0
19; 5; 3; 6000000000; 0; n_gate; -2.33990276E-20; -5.269581406E-19
19; 5; 4; 8000000000; 0; n_gate; 0; -0
19; 5; 0; 0; 1; n_drain; 0.05450719325; 0
19; 5; 1; 2000000000; 1; n_drain; 0.03463439024; 5.417690429E-05
19; 5; 2; 4000000000; 1; n_drain; 0.005419860405; 1.742587931E-05
19; 5; 3; 6000000000; 1; n_drain; 0.0005061283185; 2.678604691E-06
19; 5; 4; 8000000000; 1; n_drain; 2.448859658E-05; 2.419287659E-07
19; 6; 0; 0; 0; n_gate; -0.06099999878; 0
19; 6; 1; 2000000000; 0; n_gate; 0.01189744578; 1.262184801E-14
19; 6; 2; 4000000000; 0; n_gate; 0; 2.453269467E-18
19; 6; 3; 6000000000; 0; n_gate; -8.05875087E-19; -1.633870105E-18
19; 6; 4; 8000000000; 0; n_gate; 0; -0
19; 6; 0; 0; 1; n_drain; 0.05592751094; 0
19; 6; 1; 2000000000; 1; n_drain; 0.03930009569; 6.22640698E-05
19; 6; 2; 4000000000; 1; n_drain; 0.006854408966; 2.233821234E-05
19; 6; 3; 6000000000; 1; n_drain; 0.0007136229444; 3.835695859E-06
19; 6; 4; 8000000000; 1; n_drain; 3.819187371E-05; 3.865775061E-07
19; 7; 0; 0; 0; n_gate; -0.06099999878; 0
19; 7; 1; 2000000000; 0; n_gate; 0.01334915373; 1.416314982E-14
19; 7; 2; 4000000000; 0; n_gate; -1.226634733E-18; -1.226634733E-18
19; 7; 3; 6000000000; 0; n_gate; 8.67361738E-19; -8.67361738E-19
19; 7; 4; 8000000000; 0; n_gate; 0; -0
19; 7; 0; 0; 1; n_drain; 0.05772863666; 0
19; 7; 1; 2000000000; 1; n_drain; 0.04471454223; 7.197546225E-05
19; 7; 2; 4000000000; 1; n_drain; 0.008677493144; 2.87600608E-05
19; 7; 3; 6000000000; 1; n_drain; 0.001005510007; 5.510271352E-06
19; 7; 4; 8000000000; 1; n_drain; 5.927928099E-05; 6.187885406E-07
19; 8; 0; 0; 0; n_gate; -0.06099999878; 0
19; 8; 1; 2000000000; 0; n_gate; 0.01497799683; 1.589006704E-14
19; 8; 2; 4000000000; 0; n_gate; 0; -0
19; 8; 3; 6000000000; 0; n_gate; 5.501253668E-19; 1.582998323E-18
19; 8; 4; 8000000000; 0; n_gate; 0; -0
19; 8; 0; 0; 1; n_drain; 0.06001601726; 0
19; 8; 1; 2000000000; 1; n_drain; 0.051041248; 8.379328599E-05
19; 8; 2; 4000000000; 1; n_drain; 0.01099852677; 3.722411501E-05
19; 8; 3; 6000000000; 1; n_drain; 0.001415429678; 7.946463126E-06
19; 8; 4; 8000000000; 1; n_drain; 9.142290341E-05; 9.924468841E-07
19; 9; 0; 0; 0; n_gate; -0.06099999878; 0
19; 9; 1; 2000000000; 0; n_gate; 0.01680558886; 1.783295733E-14
19; 9; 2; 4000000000; 0; n_gate; -1.226634733E-18; -5.080887426E-19
19; 9; 3; 6000000000; 0; n_gate; 1.839199309E-18; -6.784138046E-20
19; 9; 4; 8000000000; 0; n_gate; 0; -0
19; 9; 0; 0; 1; n_drain; 0.06292559516; 0
19; 9; 1; 2000000000; 1; n_drain; 0.05849156815; 9.839079556E-05
19; 9; 2; 4000000000; 1; n_drain; 0.01395918435; 4.848596741E-05
19; 9; 3; 6000000000; 1; n_drain; 0.001989702194; 1.151202938E-05
19; 9; 4; 8000000000; 1; n_drain; 0.0001397742875; 1.595176135E-06
19; 10; 0; 0; 0; n_gate; -0.06099999878; 0
19; 10; 1; 2000000000; 0; n_gate; 0.01885618083; 2.000656585E-14
19; 10; 2; 4000000000; 0; n_gate; 2.961358209E-18; -1.226634733E-18
19; 10; 3; 6000000000; 0; n_gate; 7.34411245E-19; 6.68387264E-19
19; 10; 4; 8000000000; 0; n_gate; 0; -0
19; 10; 0; 0; 1; n_drain; 0.0666327315; 0
19; 10; 1; 2000000000; 1; n_drain; 0.06734006261; 0.0001167199773
19; 10; 2; 4000000000; 1; n_drain; 0.01774278517; 6.363221663E-05
19; 10; 3; 6000000000; 1; n_drain; 0.002791294243; 1.676564971E-05
19; 10; 4; 8000000000; 1; n_drain; 0.0002111368479; 2.569581482E-06
